59755525
52057896
55495840
16721916
51689949
97966905
66910948
41860722
68499078
36443340
91904406
8870203
98289279
27245532
99704282
55836238
59680098
38689733
36798728
74327508
78892194
86329576
14735357
4682942
77509854
40340889
26985313
57042652
6889567
83181851
56478473
14313246
73218108
68205315
17412293
28762533
32982647
91414273
57318553
98223254
47762776
86162154
21941839
86197867
11168563
95325944
26288432
27644178
10628591
95506602
49425628
53446118
38487062
29166904
36514673
14762950
22577440
80881462
43141305
94581783
94512761
11862756
7101269
78130440
35425390
44731422
32361699
63175698
2558898
62934364
70679554
71486621
41212333
20207196
52101509
40214243
58551999
80183770
66242378
28080711
19755742
16564987
49836686
62385054
91570073
20389082
10162776
68563519
28288470
34755381
92576868
61734963
6428266
38319529
34337709
94404869
92032727
48620621
82805028
9837564
10247295
90688978
49554975
58671401
40686
24882476
99693236
76964424
19318323
57756503
23003667
73019188
54966953
67448454
83264418
25354573
17580826
20593657
28872024
66538837
95537055
56231953
83269979
91000490
30209933
60819794
88446221
25777103
10849197
4756128
91615221
40915994
14976676
3993429
38247092
6613823
50831733
18056811
28455912
63941189
33199448
1552903
35896128
44728289
43161771
67767477
742226
16793768
51975303
29296214
67343745
81623637
82615132
86005885
67971987
7172565
65350555
68306773
99754928
89280716
8622048
47297831
91305583
37826271
99526914
75944366
86392344
88725863
77183412
87777098
55965937
13272700
73558395
50379292
71734443
38380448
28177638
63935430
70107368
76272470
11318343
24431046
40892206
22630597
93182122
42561834
14249132
66335795
85258468
88983662
81389736
79514095
32018294
56641419
77084157
4792185
17484808
73738918
99554421
35782933
40873350
52743394
10093212
20012503
16090991
84150642
8830007
22536985
9558855
86180089
67300747
6891393
21352137
91806164
13456994
57185703
77010286
85421942
1614641
30714695
72360378
36103026
4624680
26382371
23605183
43156097
2431815
65585168
83055507
52546781
95709895
12733122
98820502
26712153
52555229
69367538
13111042
32106515
43957036
75770961
37939159
73530326
51246297
4188844
22140224
47744398
721540
48848360
41721938
24423246
26488213
23847033
62232679
25485090
98165810
23428207
57307026
18010658
33579064
18679779
40721241
90396571
15421496
37749222
40094135
5387786
59207221
17631836
64259296
66738404
40971082
21081139
27451832
43598073
83933514
8310376
35036335
36022531
36794043
77801653
42221521
51301277
59595750
23382508
53326631
43126165
79885247
76411913
22417272
45773909
56453924
14696461
49575852
18678730
15744014
58951118
55061143
78884359
36222483
96702575
79397763
77573112
93546867
30039510
74836733
45661591
45156669
90367380
59295343
87085849
66437976
32581594
41735467
14112895
57671971
3375151
52804969
73572196
40006812
20039215
3689676
2543575
88623486
87172681
394352
92925585
86856901
35624447
48329325
39941963
96215373
31206900
44590247
36712753
495316
18913245
8414288
37777672
9131536
44034725
49237809
98335315
59005684
28136568
46148833
63452969
60472255
48901015
87259980
83445018
56044040
38057262
22342640
71124157
3237951
85988053
13408928
86673692
21166149
7205940
9997588
43394670
8813606
47736122
61493567
90373305
42212515
53055293
26509962
47096256
86309276
98353224
96701649
29235010
53682087
30636428
80482345
39505604
27342148
36507399
49117884
17068192
67468155
70263163
14168438
30541210
95073225
70205551
70335352
1330470
91979125
96048953
86013465
60030753
46216334
24466403
64057279
1206495
54370303
46783644
5756082
33690715
53625502
17371961
59222803
86907020
28781733
40006249
34108625
60989105
33174022
92382106
37983730
84600016
12519019
9852803
32960042
60563183
58085465
26651657
68419639
53449982
87890831
62015708
49366486
71328746
89782469
62639509
53291839
84182869
2027661
78376161
52204272
52712274
18756217
25828086
11478730
50696296
70541104
49366489
1687161
90810991
57167602
72819008
47486622
90605187
60183611
28070930
74963782
77155755
70164240
38399424
9867280
64198872
90632852
19868319
76664177
49805358
24769276
55417996
83710796
25374827
30425387
88974204
81795702
20519934
2239421
59327651
67344818
42364165
57469459
45519551
3268166
31801604
78722986
80411335
11181347
44682969
44557481
56627315
29410344
97155657
18233819
79348073
93124510
69189468
97697574
23025528
58488515
46439761
87957126
72213561
62686208
38949106
11546921
44815644
73677229
16824550
99406977
10221702
86319146
59458337
19644592
39468103
40800124
62309015
46406375
53897473
34235471
74953996
88090836
56918348
83378347
69003467
45958326
72662364
17914377
42331982
27186615
89201758
60141946
84130429
75952779
86976374
95487221
38102457
12884834
24601505
58030988
19423154
15887311
41769893
17702776
34996
85960551
43171209
5010907
36945993
53383295
67012150
15200350
70577510
13341508
34606815
10087924
67688944
84937736
2499231
60517781
60199644
10116391
47430455
50185137
6299917
81878971
57746813
15082275
32692389
61964057
71773728
60213688
69202744
11338052
32577131
4237088
52901956
83102117
19456601
91445709
65736300
74092654
7939070
24319845
18291362
99841069
56099156
98761710
41776573
29579873
3495981
52266423
19184971
67908308
72126427
61598619
64395268
9466307
87569718
17869223
57330800
82631051
36404045
85840664
61093858
61115991
22008854
74980309
7169079
27999412
97271592
60197101
75165300
58217952
16079663
23521213
93742384
3575909
24019416
92716169
44324714
28450632
90144616
61168467
90263171
77265140
15597319
96479782
22037699
61553576
68098480
53328276
37705166
34919926
58411644
15256349
26750712
36880380
16993659
16918003
94585640
57470537
25892247
58257185
45545376
58905972
74992081
63185766
99873762
16596968
40628286
23177806
14412259
579891
83112809
22109729
50757552
57622830
19075014
64505053
22624944
26605043
52600561
63248436
8362927
68787989
75903639
15776549
54745750
97078470
99367306
8249396
85561069
63022401
55544874
66337705
42156654
604662
63942257
69607203
53198861
7362455
86511524
86896457
48405726
82934247
74333735
29968845
28697899
43298908
55358335
88541551
64453208
13651786
19583527
667296
90358658
88694309
18852491
7373467
75128765
6260375
85088812
19775908
65996323
32195339
1020233
59817562
33314500
84614215
99241922
20867688
22151690
11688638
56149736
1083862
78096443
81704745
15604067
15683993
13325138
83661853
63309840
36102976
98945430
17557968
51325422
43775461
88998818
7158087
52286644
24050403
50772668
56950219
7826982
97391185
4927921
39500392
73158502
98595596
60363450
85170560
26788925
66065559
31049965
78383189
12271609
38875907
29608197
69589395
76693056
30844188
46945706
25202520
14245604
26511854
1006832
40134306
88009496
24752933
79806549
54976127
78284800
83227691
17414801
10774102
66476796
46026993
24008425
46096360
12456201
40971491
36003466
58614693
74551929
16283436
26305429
39571232
8853521
53227500
79011166
1209892
2569990
54841747
86130314
75919529
22707583
68348721
29865799
81637350
22975124
35926675
65835236
320224
73729855
34433100
62444209
33638266
57291443
84542173
36030432
78549493
84490792
65288340
93771313
8515315
63158584
90205359
51084881
41526854
73974510
29489370
6998503
64848703
3942703
20346992
82291724
91973135
9893423
3758037
87483015
3445532
7158680
61374784
67335513
84793074
95499101
37597125
92622704
68536534
26353232
97887182
32505713
38472970
33633248
19011241
7968832
6381292
18244657
96806903
31919560
88019050
75449756
18258377
82933446
50453431
59077082
68053864
97734061
2246567
39490118
35780595
25720493
86917483
83434935
39799295
37112295
52265356
25024982
26144946
46092673
17148166
37884985
18582064
75651198
40319136
64518296
78903619
99026777
23444688
93389507
99908222
84992743
28778345
21421193
66959482
68857984
12543357
62978202
98387964
13314748
17955815
97862837
6965151
28490092
93435797
94446305
30107944
94894099
46782051
32101406
75731207
91162874
80522314
5659320
25632262
72586843
16651519
28600745
36868472
18590131
70793609
53734850
44502479
50648717
75807807
89764677
68028013
20177745
77908793
67360550
53974726
99573535
23466940
58448822
80934109
56398291
56238821
68278934
32832105
47199482
11807403
94465215
24319776
40487266
52687746
16756633
38262387
34042986
28275582
22035252
97096640
1118906
55642475
59378834
63479745
93742803
9400661
33907711
47262236
50512420
10924206
48741219
26180861
58572699
57244674
84823470
78670677
92582975
91962627
30889515
39508451
20509794
42719334
83525280
7982046
30869520
94932136
10146261
59587140
71469866
27834762
16101821
75180965
89569177
75386862
81681123
54801572
40891445
57140623
70764406
70974821
34836265
41509492
88575723
87296868
43500579
86526145
92918660
24186494
94158999
87904275
27807835
24522836
20712417
12131909
50520373
69150388
95285745
26080161
28239990
65262235
8549734
2304642
20114494
1190472
23720031
37908701
20138173
86097036
81550464
94400055
80123565
61888693
64074590
4791508
72770747
21555911
66940687
61378679
36097409
4839106
67325494
55957477
80885285
74942271
37345242
44864226
90599415
80148063
29242729
44368724
20672875
78082148
87412839
34523991
80221541
92377837
85760933
28477189
22530901
71605414
30321947
32532981
10054932
39724545
51230246
61967630
46728478
94133184
77907486
74481832
2157643
81774284
74798454
48833249
14405684
93808253
21647792
81872640
50585221
96459037
4577587
18511146
32401718
33455554
34790586
26294882
91328015
59787902
92468233
76392655
35592165
80275611
12514320
58148271
75290176
25548946
45361621
20246576
38075905
13385007
22582184
41637029
31917812
51110558
19533202
384522
59195838
27816730
62101140
6286402
1217825
17107580
34364710
43539991
89718623
67451157
92191182
68350339
12165662
49981235
43129731
92693630
4435877
60880656
89224892
45858449
7743025
84496998
49577108
9488239
76932107
17473434
10458548
94847400
25104332
7685126
19795814
27993059
91846915
60998965
26826416
52838895
31017169
86946973
12748689
69416823
79234195
90879053
25161488
70915136
97829552
46285988
62061136
66806586
77696700
23938343
56914509
61341871
38085031
1966197
60407367
7793252
48955885
82490523
65615027
74403429
87658451
11717049
98668005
77848122
26390540
63230361
5997172
8431179
47228450
97788343
19193712
71471677
34997399
82683496
52892673
23563751
21277330
89404885
79450377
14815288
43832057
68638219
53904627
30616607
62774526
78897833
70575123
48083889
61828810
83278007
99407956
15099141
71321566
49117794
69898960
90157416
24310480
57278217
20832059
37352171
92865970
40191879
75110888
19293702
51391250
88167165
63805453
3591067
10364482
99441747
27289159
99197956
65838231
42976715
97111516
96550718
20879589
44933349
96988938
82775730
62356505
45017008
49096935
83401449
98148531
4574763
73908028
46303412
95356607
2943890
32530059
20098646
6680603
56926375
20475142
98900060
41430134
9701584
50310499
85968842
26652330
87279704
43567047
35053403
50967149
90416814
50781467
53218869
76307727
69119884
16479659
7316063
36372561
25869752
47297299
90944231
82717003
25375165
54544494
88405498
25555506
64220461
91714550
51920649
26221375
79781247
48387396
84238295
37369722
41758097
68618443
1944855
32389495
33311117
5360642
31517187
83253562
76129804
29456875
51305190
34396834
33024525
43739501
39506715
88733608
82706690
34060860
41843101
73937887
16630170
4454839
34385453
3327116
98420139
80967956
57979679
7908243
75353784
36322721
16401387
90037210
49161855
47256304
35037477
20048881
76718514
47133404
9763441
91747348
29662794
65965992
75637173
24545727
30120885
65061206
35093840
89208405
23182202
39749978
9922505
86029084
60633897
24451013
93245202
91990279
29974057
66456591
13751534
70259235
10771783
80304638
97415465
78171000
5511618
87584534
67798391
7667028
86729064
42765213
99355501
34188083
67743238
14750351
20064227
93071768
14375698
17460776
85752246
62661702
4265912
76044016
99542137
72254855
22603752
4465345
94861434
45336605
51407807
39975907
6038767
5224307
95526960
22106195
78159867
10760075
40938033
5611940
96152090
67473575
3463004
95434378
79140107
708528
90674203
40761826
81936398
40199631
14243676
42714951
69586237
51725885
82400978
14767960
99480432
47391310
94369544
21878636
10689264
28398891
62468855
63596081
84808218
98906478
82599957
59839320
59721517
73086650
71578900
64066063
74216600
15010082
1245226
8788143
53853145
58498152
81195507
90426565
48424630
49629650
7485100
95598187
37634134
34783048
77179887
88735801
5996121
30060547
55826654
57388941
7224457
31358227
77576176
53677400
87637656
45476081
44487312
20290016
44826458
79303257
53332590
42683161
31921064
74908147
6072684
23720498
47802589
598932
17251746
19858626
15787923
10477717
37485838
52389409
89736035
91092328
36997215
54091796
2581162
2941077
48830634
87575803
50923177
95806025
62114013
31023786
15177734
48063407
35273015
36762672
23683377
951043
12505673
90386366
73706972
43908641
36155922
21130784
16709144
4505783
71552210
63970585
47945287
54708620
51746655
54113066
10935282
39590769
74109440
98149973
98664005
58422902
12594366
24963313
64588866
36582177
86792919
48183487
16071505
60361223
85661251
20950053
2854824
17702667
5703254
60828609
50207818
61803448
21514015
93622764
56771229
63666365
28382332
78340537
86693331
33240308
11103239
40100150
38058757
17298432
10758390
56815498
30912688
9142061
19424344
9534706
8970645
84842385
75990776
25064794
18046146
52300699
22310877
97627101
73502741
31713437
71823190
76629709
2607568
86199040
74572290
94924475
39234620
47460017
4191
53832699
27463417
75674400
76022158
8838869
25707372
46076086
58927297
23324175
30716100
46336919
15194829
67930771
50150241
60662571
4403898
45743820
4484546
50894741
74644340
94935472
25469578
93473485
74015726
20985085
88044967
85317282
97108990
90124528
88059238
28913338
38934303
74974899
9432210
73831216
67168747
99333822
65400428
43963008
90713430
72225427
85682074
37338052
26948848
39715729
8893587
2834979
60497854
59767568
14837742
96592544
95761484
80951964
81376738
16478966
39131340
64052508
23315349
9195279
88135771
61387261
51131192
3774967
57596780
54621674
72091828
27193742
24634656
75446285
43895524
89089729
61134078
16959409
7095637
21062765
20455759
76703988
46372360
32114225
87318588
56866886
99162173
63841220
31708734
41813804
22572476
70658619
26415854
62072277
88174249
3634983
23418176
1417240
99928514
27229316
59319043
7502153
68061400
47019709
51337438
12137255
63018921
26951835
5444613
39165917
20363356
82318692
43164290
98226510
82491695
72904734
18746549
7923521
6775295
88414714
83087378
35808898
50339905
85178183
20001551
60287556
45894538
3007683
29239908
4892738
5973694
36333334
71347771
8130294
67175759
73666840
42294772
62693428
52731224
26751528
81256366
87306965
32577349
71389288
93095495
4638370
90154811
81921463
58053769
93297805
80936073
50273602
26468674
93380818
37536281
50459608
69455637
95441941
3881399
36687847
48401808
43020316
47216963
93043485
78007373
10973480
32754742
81767302
1510116
2249303
97015139
94230705
70880332
16589572
58427858
74054826
74709493
40026306
88373959
670352
23851877
83971054
69033195
53035604
90695171
49683668
64282309
21343189
67935541
36053396
73163183
49355697
20253525
41692588
35280739
65778168
47410907
64043199
35821392
40286289
29491880
27644926
43153885
58186018
4132711
81018425
93372171
90650971
79770789
12908160
3196858
44020358
29619618
32170305
49987901
54216575
80486739
63820509
69761616
54903964
19658067
28862962
42292448
70263974
45160045
79941639
86966873
5320376
67858886
19335263
88371386
4413395
98567725
78992826
17706147
87293318
62744282
19668448
40702304
69016977
1692671
83570766
3148286
67263642
32298821
95392011
11733567
97827969
41310693
23862457
12200407
90000599
32154084
27138016
87290128
8760131
21815412
21587144
57995664
32900492
10991613
95450681
47252909
20155390
99663229
49178398
4539509
54312313
78005069
67213549
17317304
8763507
43134659
74838320
90841561
31827227
1444299
4723190
60386780
53891031
25762191
71826212
21396792
54587652
56783453
57637210
70547015
18394941
90130299
4660633
49103656
20474420
96662686
62843306
79843872
8281931
52062434
74311885
65805860
1533275
62633628
69364245
22061071
37305707
91644454
48587333
95926744
53474226
74532214
7457500
51168017
68219482
11866086
36786319
43047283
83556503
26073177
40662476
65571677
26413827
14812999
37051059
53684812
19144220
35432076
6731347
83629444
30665548
7849384
76750808
51387326
40308636
90934587
16831508
4564094
36793792
36913152
46501745
20586714
71972035
89846159
6775684
66559741
5091486
61212600
51354442
13089497
15324139
38920928
35809050
4471724
23979145
61703483
54706591
77895502
96971747
8133494
13193265
49194543
85793836
85388661
94018889
76682155
45721045
94665681
90354576
3203884
96339825
99757435
49119113
71889509
25584906
43744495
1705214
27031572
82107767
1622008
94719187
78945796
46538152
25518323
59903539
1635481
32952525
95420655
5815123
8099786
35025642
88295087
13313502
99115206
92601667
15009053
96706062
41361609
8340440
10622448
15450905
87298162
33785949
535590
89761827
23112460
41344413
94986853
21013648
35886412
60518166
39763099
18847502
34719453
23248554
51058621
78998838
49518239
13766613
88691809
29795761
27327175
38085878
16077192
18152203
68534253
94962346
75191131
59564807
98273838
50666035
74887682
10885014
1481940
72112206
31786976
41997798
18124074
86605237
32365344
80719215
53488889
23369296
52718312
58926244
47679525
29510627
90744735
94429049
98596559
56157724
16604914
72660323
19642279
61696928
10652495
76498095
69654526
85034369
37406127
55829714
50571812
36832034
68397652
64467665
89487175
17765934
89153807
90379398
17964504
7821190
78284054
45933775
23954316
25535893
32766932
83526059
86068949
14142634
12427484
71428638
63219852
89426453
34271018
4928948
39323610
43194624
64806502
46600611
38451704
52780287
38113959
860163
84997870
15391424
20771943
99514765
81320726
93814624
29470849
22199668
540305
36929925
2229709
46791860
40548620
86187508
94152191
30489489
1680681
94200275
91088766
87177539
1470177
33893651
92859788
80527889
18420160
55361899
87882173
64235188
66835336
34936742
79059626
98094706
42974542
81905281
11961705
45543972
50219185
39787718
88016176
4080115
76900041
34086269
14818936
3475819
86660248
6909779
84478541
42222825
2283224
24621071
78308046
38329741
65277836
97679586
62069538
73562928
38901574
29087892
47655770
23507528
28933357
92050447
64048189
14791742
27042876
83437199
44991981
75698063
35119393
75178643
95869223
7015075
48608881
3231268
69358598
92685573
75309362
91714240
97090331
59962584
38277194
89007533
19808997
40566111
16298125
42746411
53594615
55339623
93001672
91097541
61286825
97441999
53875818
98473602
78990887
83438983
31707222
1274559
25362043
82615547
11574928
26742586
10774607
69744666
51212379
61351258
21109474
30627827
98256197
30615240
56174773
86528269
78291934
17815036
39958179
8984196
63222715
60817431
37513026
59481163
87993572
34993889
52753816
95346729
41048180
72501065
66723281
36532551
96567267
5867229
43037331
8314028
79960520
86108917
74435758
8206424
94134415
73256486
2064650
18057513
88808655
81989037
45876572
42470876
87687023
48585923
91369475
46801842
41566621
78736976
91002082
8697234
46886142
62864300
95663203
88648646
66900836
57459023
5949873
84353447
2540718
57901799
84280312
35634624
7373307
5725247
27748933
65099091
80817555
22757811
18746431
68480587
44792019
46566279
85870106
16480925
76071371
52309292
21226899
83076571
97811695
78378392
90894340
90366128
96316798
76881140
63284958
3360473
83321231
27093418
3506898
69227203
1185296
53959276
67646586
71732422
72692067
68671742
93549612
5955949
97164029
56712593
58365171
89145394
25901937
83669811
50253074
56039815
96753006
6496221
32424426
51481807
68760778
62731337
86951918
706819
19754923
51222784
97137590
88855989
86875853
88852411
38970209
57109413
25123171
45371941
13370315
84541056
63263724
10552245
12682078
76695887
44817235
27906811
61249576
5969737
96850491
89893624
91908667
54257621
36512427
5901782
51572086
46338148
72360032
7440872
13300233
43056414
83780287
64246445
13278646
65595281
34193048
46814522
89121846
56819770
63336939
71822739
7219786
15296187
85605908
46542461
45212459
97807307
30272177
51140962
99408591
14481123
49948976
2431149
54435200
70680398
18920487
35382954
61170299
48466556
64175570
6817005
23507350
45879400
99078088
65178645
69780050
51809493
99506746
31365396
20234559
89965375
41604638
76740073
37502483
10767620
22725814
24708466
20691731
16592519
5790104
98669324
61495216
31834781
43096498
70138156
13432925
50666461
84595499
34019111
75267842
84222846
56524586
80468628
1289778
13315884
24141723
7784902
5572027
40504325
29598176
30480334
13051742
70859534
1371154
51690834
51773013
80854194
41994504
69245249
13911942
79373973
71024523
63371811
20543357
36522630
68987441
33331797
81283203
82438243
3519367
40057779
19424381
96417387
1178051
62721111
65100510
91390314
41596790
74931863
62911063
16626807
21057143
19290732
55488012
87861997
1044052
71170244
19729919
5012378
2544510
47340024
83319026
975246
98801089
11057098
44888171
10929875
67110367
85920736
36312012
94269174
10485721
10831828
75173591
64021947
95958527
84715357
57560311
67185203
17642109
77091575
57357435
2470054
59418430
94731205
30322348
76984666
92934206
14541424
34474212
9598110
57336936
41202530
39916617
82405805
67559249
45677156
4579241
26249116
59035932
42164832
25008599
15541428
18891011
50511329
33819137
80916094
41404253
52013812
85515157
24801635
94018864
31205724
3371354
11266746
79156146
25556275
36933405
41793517
43828010
22889913
90351251
16360969
2241586
30398080
15370334
57128501
97222308
8466251
51193614
92862377
27737158
92859147
50035601
43155997
39109376
74782903
35090187
60241444
37283390
86692960
48498842
62025347
72209640
32936827
54602094
52321463
55692321
92538499
58021215
14190562
83004223
22254426
58452369
53050867
81395160
75810599
8489411
40863057
82662885
40491317
70759643
80731253
84706174
52230141
92977758
2947556
69957083
94588117
84555819
6737057
99887408
1750764
34129158
16463233
75907021
44641954
45291098
13628446
3218004
52944517
20212141
37522714
18928694
84962959
21304347
79223977
92242649
87546712
81491804
17966932
43807527
95284233
95506223
79848198
99660480
9503279
93913693
9312100
58285034
80336178
18593048
6375896
5673866
21757530
54392572
14496140
85469760
19943829
98344909
49796053
10855703
90135161
38870599
51917610
54800278
99874157
70892054
24182438
93477734
78956545
69008312
38313656
68526759
32125796
32651494
44457044
10235606
14026223
76260316
11282478
97308249
6833458
98817989
93880032
45783122
64825436
21929544
158604
42382809
83518679
2148607
85795938
10086679
65132479
51333679
39406203
31806389
39932505
24581102
93693744
76831202
2474847
35747335
78270878
12004820
26526863
38474415
27190945
48353268
43617812
87504005
15996663
72311911
70970421
21522837
89511947
13743484
82031490
84801234
85588633
81148
99764556
16487556
5135947
72661277
48462953
67630707
93692512
44708222
86371009
61347940
1731111
4706877
36618102
15233578
86315516
76988747
22701579
97039592
82366350
46139959
42700178
15946256
70361553
17115088
30785331
13157643
38274118
38728482
50673857
83642830
44246854
20219830
4271826
52713921
30074861
17352199
94296133
82286674
20192754
22787751
856947
37808138
20997480
63487016
28594487
21233311
89098568
15966855
30607480
25799654
60763770
27056801
48460984
84650441
16402039
65981078
59810791
43916508
70708178
45818138
9712671
1860778
25599623
38969817
61470206
19984565
5248609
31215730
10539512
58591456
21029591
26592546
80505128
12853920
806827
92237716
89262278
39782371
4816263
29942203
34314872
90114074
75277773
7449507
65899661
28165232
35179200
92969960
50284072
455141
15069187
23742110
69928678
1433660
48190819
48035070
81467252
45904169
89467504
64369908
25607680
21530894
6107929
33831388
42113619
25619403
53404413
30837296
68975203
13826180
53180402
9674805
23536492
89740251
84087884
41598251
77972223
33915354
47639377
27329542
14816820
48945597
4599498
50545982
5878275
58156043
1786681
77517182
99883156
93374749
37224592
15222107
12651848
1258067
84563650
75439290
43386754
32162305
19285147
53211637
4072489
78993052
49755561
56806076
64959926
53949317
65006316
85771072
65724832
90167026
75637869
68353652
87406627
49766129
24150322
28173061
83896774
32211309
48556119
7053717
99461582
68550784
94953890
50970053
40933600
17850012
27500010
93520629
45100097
27308366
19298875
94218293
11971599
24199157
82915247
86780811
39270836
33632559
53698810
25392100
29343842
22493795
45080135
95415453
56696637
74208286
38186397
48272749
19307243
19177438
90017150
7428785
89468459
62838678
98513852
19888193
80275899
66206012
63362537
95078285
69683437
38305484
72082835
72625592
85758334
6732454
17929571
13406831
29627166
46719437
92585779
50525146
97778506
88306569
58617375
60625813
80981038
6665528
44800752
66122961
47798663
12038847
91103862
91239280
79355369
73090208
46143132
10705316
82484598
55326644
41133337
39119994
90530906
21567661
40714466
2832697
70139385
56473106
62252978
96905837
54644292
58148763
65535644
9946904
276657
89114809
86608666
99846428
23923228
82632753
41917368
46633859
79745362
16032501
9421216
86583532
69056303
10325302
22646991
99753562
78232098
36692302
69187597
80362945
72774311
8860132
85022961
90562779
32649084
63341607
30628409
99408289
41745444
36225198
98118089
52576121
25315461
93266435
74478516
77255555
79752403
41234453
10535250
12711116
70413984
54918232
72368940
29713669
43461960
39165026
483534
66017845
77453544
17192734
33274130
96914079
23263591
58899961
18054685
45769377
65103658
87277329
44588734
35522949
13778331
70528740
72682593
92243013
31252823
47039393
76698642
40760972
60318286
47766305
24657280
32341643
79940722
7351359
97215474
81370784
32271699
31097195
73724825
31157734
31106591
39537804
69022282
27871929
88241501
5969127
39883398
69319623
36834813
74740098
71158272
25717329
46287493
33972958
88240471
22737642
72246746
12868072
16969763
58833345
64129390
59007641
86002401
15625802
59099831
10704978
50777276
86803977
64417781
54107088
17467576
10408514
41908766
16796441
30772822
61946528
17826318
96794403
71642457
13412947
47602102
2333512
7970500
51286603
4981948
80004282
22824548
56185170
64160952
52936140
68831103
92410961
50925533
13165052
54482557
63724136
77401956
68942914
22244153
44225551
95118557
26048553
67603813
50595437
88876820
82968211
59058908
35113957
94667321
56560497
95465707
93400768
33932061
18808385
56957446
91080800
18682715
2897355
77855348
80448808
87155339
46308768
17243149
67669675
11717256
64114836
64719554
79234655
91146952
46623938
49016708
64667620
39211698
95904311
71948875
50805487
94955315
70216521
54615772
83539685
80779855
27103769
75927122
69019812
14542402
82281251
10340909
34748296
90670194
13050553
23901907
23565433
68425028
54327073
6742667
21416246
14626825
5119373
3828168
41120224
76937620
20124709
91446955
47000470
27303216
38405160
56761376
83831755
87964484
49586750
6327955
38798680
23517388
53158229
22598438
37276140
29043979
95143459
43731484
92521690
21031133
85349420
71427065
55085788
25511155
35247200
78646582
31909866
43467511
43769354
80065013
30219212
18811029
12292786
43351017
55750349
35671954
16697774
35924295
4892380
81860147
70557636
18340912
92089195
27489751
23290073
36905641
81845427
37469847
36102393
17868414
78434427
73752779
88840337
53859305
23962856
57036408
85766368
94438132
41438812
17758419
15934601
23054612
9829482
12568026
70955309
47488863
51590129
95376049
20013300
40159840
7205494
66318272
99033474
42682992
84682288
28525279
35553847
81027934
16447430
70918379
99562999
33164853
13966057
77532949
65966961
30859813
57678339
21417077
8944768
17290312
51642098
78127223
15390721
26206024
31001055
44836077
76817799
80704220
73162572
73430336
91637030
49590335
12209262
38196777
19650208
61754728
85098983
52101640
37641310
88826932
52916650
59443185
90199155
90074441
74123034
30496876
1097752
20976834
22998356
97589273
66557501
99944425
14787227
62633410
36415187
12440198
74227068
78539188
55613413
32277869
8462789
25566768
48970657
28088324
78012061
61613168
73672026
92579265
61673168
35207191
66776748
84035687
12685969
37643166
19707786
35081798
46604049
5066831
80654486
7567309
31660737
11659631
49744125
25298906
83879132
68978894
20191842
28879787
9175803
94443321
71229012
40689096
54186428
79831914
67241338
88340469
81671295
28646676
55014727
16857046
33677448
83734040
82310738
67625032
16914441
96288352
3048024
62752998
13173554
27354894
21870258
1892748
87842523
66921681
7722280
90145711
15426750
59935264
74898885
37545699
78549816
45047749
75405039
60753506
79410212
96045122
97739437
98967511
93535225
90854262
18367118
39911372
59811210
53437166
57096490
8606045
66811287
83328132
64496488
47021726
94662313
93165968
28200589
43742629
70298405
33969359
41412151
53354878
6495069
13285366
13681922
88985639
79513545
28420735
49139993
96651138
12347083
72970657
88054824
73845467
86714127
74512486
9711330
83303630
75342727
16429848
40960964
45508252
99430279
98076584
22363722
23122168
36856066
50843883
71300368
84890742
85580488
36697993
21676062
38745439
42096845
34728230
35928332
59013364
12558879
84941506
24365041
49226003
95428401
54965284
12335366
89141770
41869149
87520439
11781166
53782415
59919646
91599903
50358729
45698728
93907526
72760942
86520984
71642212
16994882
83377835
24745535
51492043
72712038
3991611
23109303
69576344
22775539
74091463
17825836
76039450
33931300
10662505
86039595
90184853
54957719
74383681
65020351
86624920
72244753
31053001
94652783
54830999
50120744
73073740
98307115
24110483
12814158
34418295
798944
5834311
76494232
28403541
57583774
16771445
31433265
57756009
10844853
61804761
74930637
16411236
91447578
52439278
6113034
94385483
67134222
11901736
56160912
25240317
99365287
51079672
5547096
52831288
61399343
7338379
91478997
11897123
63658433
53632776
39460770
31781689
44964801
3552373
3449528
80771323
76547440
93872949
2325059
24935715
66683727
1392325
13445395
72980217
89446457
28460910
35821653
86399612
87805689
82675957
5839528
94351812
62444007
4450781
88776574
91133513
98507089
12238483
21295254
46229721
76320834
1441845
62952469
58405173
40936524
80523985
95723601
57868079
95878833
41430531
30206095
52287038
99879703
12314960
99853634
28850947
65107283
11261910
29183828
83558543
4340171
25967033
24029388
86250533
36761172
1476504
13545452
63310135
42085820
49957250
79323982
55196734
21892473
20648531
2442300
72386405
87062108
32339005
3534048
36811438
73803764
17909516
65929126
2163895
91491803
97558369
89109486
85636371
47913318
4269473
58774096
26423246
14818921
27088002
25684139
7050030
57409029
92098314
50435844
40386756
47043340
8426533
41270595
41431044
72622843
300944
15231428
77651914
85408621
24498067
99821815
16658296
45087496
10819355
47443313
50202960
68020463
77044168
36195322
51685232
86519786
4205723
94558582
59470170
92040700
42238657
21515017
6460041
48845523
28493365
21462977
35167800
90466540
20771048
66597702
29499374
81625029
33089052
90548540
609944
86823713
57148004
82299907
36226080
80166347
11584720
50598696
74507988
64706990
17754619
10999271
93430249
71388923
74930692
56417327
1995826
84782326
97591478
81739933
97468038
46330538
14577773
23636590
85697506
34824846
21115947
25375744
80010889
12401753
75695905
33740747
38765464
72765504
30954255
15471893
17747915
31868430
77278917
18352847
66011126
3029351
2883102
36509771
26977511
9513241
14076970
55831119
73708716
92344972
39669451
89684367
65856066
51856204
95985250
19333884
68871713
14046258
13213251
82457727
24387866
4509893
3098922
59004651
55976287
71409055
7390088
70923832
92702142
42479980
11108543
26820102
91147193
34661722
56945234
36618339
16098911
55848367
33371644
41526856
89247078
58942399
4572046
16899334
14006612
2825165
50136976
69206364
39039986
10830876
4451593
53281005
9016456
83888420
30723910
63488230
9226774
9196974
41010422
10016975
42530745
18647362
83613557
65514574
7592889
8469130
55733331
46603575
43210297
58322619
77800209
27894843
30817030
58419048
79897103
63845768
64680427
23613207
40311797
22915080
72723857
48732351
27832158
45602824
71638867
51163678
88407974
91895298
62348245
74567996
70596113
21824429
67107232
65230789
42073886
97784445
29573492
70122594
22240904
34239792
65650357
5189754
75879641
20257401
87373278
54991730
18443972
99095980
7704297
26275247
53169466
68001936
42745980
17143196
48500691
53427988
86041780
65513334
50684700
70917347
77279922
22843796
4317096
28380247
39476073
43697090
72341318
94182298
88007523
65759712
69598353
94975041
61460231
61185994
79201105
47888078
74529384
37351266
74041244
46023709
59556991
72988143
44840038
76572077
10234863
12058916
29302272
83446754
97240684
59329515
76464814
54988341
77921544
9133934
17549842
23038703
11378328
80749260
12931647
62319503
13486321
92390470
84505405
21708027
61880324
98783212
59672381
57196562
11972219
95919334
7650493
99927353
12190821
72601670
15446617
21428686
38169960
44799431
18931356
71716773
41811607
37949898
4832882
10048839
34759643
7841798
50768512
3599627
97853589
48744309
4094259
10569378
18534095
69849905
10748547
41468651
14955037
71056158
52864808
34582429
78690224
59066064
9099040
9293752
42446985
94521288
57484161
56706630
74174002
1903874
24415082
70345756
29715622
16432718
57124762
20114237
25358518
49724175
10174465
34513804
20372065
38008213
8688248
3608301
20654121
63397317
64240756
29086868
81260629
56863005
98625006
57425710
78246430
15577051
1829354
18056214
66498564
29015906
7881475
82488383
69847054
24453933
18188719
2937718
53031651
57596812
42799895
48808906
19538530
18705528
55244867
15369930
12785214
72818753
73029292
30293352
79164508
6375166
59468597
69572
23834549
15635144
470578
55511521
67115238
31250895
22947902
35545431
63704350
90985036
12324444
10870525
57675840
66543044
42071182
72183175
76577835
65752682
11765041
58459730
15136451
83522529
50277059
18045139
96586350
15865290
37155301
11194069
84281484
42180726
67003231
84586499
38350107
90230152
27553466
53059601
63315939
60912445
78767034
81046787
92861001
33857286
97842546
87812174
12358024
10957824
62571188
23218730
8099743
13151417
91363334
46231316
7111180
97072880
48109558
16674104
72901470
72674985
49696046
64036309
20457466
68856375
88739455
60016465
92905747
91559523
61122787
14089612
93658566
63884394
98570800
21421300
91696656
85143956
52354196
53304511
74087569
37160770
55971670
90638066
9585869
80281338
21511961
61301143
44663757
39729037
4256535
48637350
9853500
21345635
24030257
16895177
87494251
36146706
54903429
70643825
28739897
63255736
1765031
28498639
48439277
65228973
76797735
59092187
7720148
48787731
87516756
26119083
85935395
73213801
45948023
65773040
14204921
59767003
66118004
74314606
17675732
56484452
35192950
48677652
74730623
33279423
2347213
4645180
6931237
36424582
74765567
47624890
14662746
46387213
17965828
96251010
2773135
5480404
43817193
23518302
11292655
46432574
22189503
96096098
8647916
57523421
61318261
88653888
57712462
98587458
55754607
12464312
94727715
53772554
54064867
1843433
74605075
28491685
57683785
40400108
52917827
25515526
80696604
77968607
12646106
82244447
73411035
57392196
45650587
26479714
54211648
81811521
74057261
72331124
62662982
98246469
17103046
7122026
32723749
65032135
28309040
82039636
50012407
55203746
57976869
56912458
9422478
82215354
2643248
31287742
49874148
78563382
90641785
46050276
74995397
8752653
98631285
54592074
22554656
33335181
58933379
95844746
52803410
17090706
45683604
32131851
56411541
80547602
55552909
59280143
55844407
25220475
50593824
65017605
80980529
72761277
27329769
30227522
73400983
16568949
93323573
92686243
92999365
99536184
9721531
82898088
29864385
41931695
83510936
93303181
77387138
29663863
2925128
57709579
22042768
79115924
24006551
70347504
81109467
63841794
10924100
