41486805
27143911
10286581
94494488
57577531
49672958
11075342
83602366
1637890
85221241
23968315
58501236
72546178
36124035
13584186
48089721
46391250
1758932
65372467
9888003
91097985
20058702
84086085
92609195
18727723
83571572
25272316
41805594
255709
46880307
42635483
59668765
70283091
34911202
28570130
12068325
88583659
69961284
82460094
80064292
56976284
1130521
90354925
90097907
20555201
53964143
11980092
99673092
15724199
21532440
18667302
68912753
38963819
85166307
329312
10811535
95958118
88552945
40048918
18493747
50981489
82570791
83738965
5999030
13905886
48640052
13936311
99363344
98712309
15206402
26769026
28796002
5832883
58516758
34399265
81535482
42941348
96604668
5016084
94005418
16159316
35255001
32509927
47757061
90948863
38409564
39952352
16849829
76849571
10945631
61252598
43043048
33872469
56397767
27510487
58098887
10833543
55615224
56149807
32675937
80200106
26243449
77376715
91022379
49404177
55574632
69550998
64187570
39302318
52128536
35802162
79707190
27286426
15135393
48931278
13485606
97255500
7989593
16178264
88197695
1043843
47885244
52584396
57067781
54334777
4344724
21594767
66036117
80230317
24174070
60199342
37098364
88038589
74554050
59967863
23015048
832308
44971950
34074283
52070915
38403045
37818532
353582
45609439
77336254
78587801
95184610
1930688
91347328
53981433
39452162
93801336
31427805
78543374
23162881
68973976
3307608
18523960
79844664
49714793
94018221
46450906
31191356
85591453
63756842
11145112
18169718
55828574
50296848
19742918
29684618
875259
49239812
7731523
11007745
23651329
52176989
95855092
41914587
79292653
35827864
51816472
74121771
96527054
17708386
61090855
77575771
48472530
61289088
45406018
81551377
77072998
719700
55408683
47692272
29088408
14682267
74209509
35641311
24532769
9693195
37794882
65004104
82994850
46628960
24254353
32748433
81583360
35722034
51143963
28944884
68244181
26010599
15167683
16849474
45398049
88353692
33910532
69404966
58408421
98820284
67331682
41594944
90656899
98793202
92016223
53141715
4299602
61257788
3988501
35277980
12522718
99878286
79601876
23884743
77987154
26849525
27075856
30383463
87132690
41092916
73362698
33940910
32394722
30188035
10317336
13307602
27463613
45811622
64119449
36970109
54714793
8962208
7722528
42099951
55443731
45885785
99660844
70050402
45747338
72668389
31019028
63980398
89013931
65457047
42799981
7821184
20273675
71864953
91434226
71011011
781665
58875750
9722109
95844725
28515283
59085477
38612955
24913657
60853305
93041062
10144491
98610329
95854877
83632660
24768891
68723221
10000735
80909269
802033
99512378
89552230
58176929
66325414
43322891
6468889
61185089
14144432
66873332
14421130
87298612
32816772
82315292
78516656
83594976
27280615
22037319
68987568
34349320
38887028
3182028
48205862
8383886
7236139
45515758
67946412
74960855
35992413
24043704
16928107
42512779
40589728
52607664
45665375
13788897
86987244
45554866
48322738
1274466
18412388
80982154
80141131
53152760
19154844
8732413
7036434
18959967
34892802
29973983
99835242
17368491
59689906
83879563
52574162
56110958
11653511
70333390
1641279
68723722
99969240
72465032
67812034
5124469
98639571
24507272
10497284
96243593
99022718
17514231
68391860
84888291
82107025
50510678
52067710
70432474
61537986
5596288
9585437
94434757
62870600
96949082
32100045
3893340
3874163
7943261
54323482
4269838
35866502
69362258
39704405
65618446
48259161
68831020
23939895
51927113
73364742
44900930
4505495
27959507
98581449
44518123
27798526
44138917
83662846
13113405
89666621
45908733
48716896
11756586
25135081
52945175
52907219
75200383
34029561
53512754
66315876
49949197
91408337
73415712
74440908
23119484
77752831
93536049
91712537
80343523
76265525
63141519
3124825
6619088
35636039
26970559
91413143
4407473
37700674
74215653
35487086
50834271
21387326
66373430
12615521
82905379
71603288
75826945
23173592
10827275
94395219
77813
71241160
35921912
87024631
76275863
30505025
73546614
76772708
14957455
11773928
64710770
16615872
35674554
45944541
84375965
92752217
80593570
54836954
14027016
61128572
35205875
22195923
99385741
48261767
69860337
10759724
32848739
21252303
4331274
12655725
67311530
9511965
2320303
35070397
51935555
60248451
19485687
40330020
35209047
57466000
39380558
86592877
86618977
36140557
57820174
2485813
49558790
59068897
11585124
69037325
75136164
74112028
60003329
25111187
26388034
56129393
5777949
42981601
9156669
5044942
74525252
51903203
39714718
17146818
81820654
94448389
23069639
7286690
40572660
39791103
4873518
89412271
83873484
95599874
49691191
48923288
56745283
34532764
4956547
4125375
52730072
29913225
85748165
61029667
8153954
39683595
84754498
8124744
66947000
55937292
71528985
28671604
89772992
97959791
37729324
66059424
16332259
89837220
34791067
84525422
43174450
31895054
9574956
63353318
61572267
95507790
6111327
45396788
93687028
99584297
50249367
68467363
16483646
89448388
91831199
39540530
23163605
91909314
39985179
95792805
25461885
98193411
10637926
62355926
88688442
68463680
52957091
75285414
57408113
62000914
50568164
96883766
33547803
19415003
96955498
14450776
22942289
15432864
52587071
64115435
87641790
27673103
4948363
23412319
6746955
90157888
63240255
60844491
59782323
84420632
64387621
673180
65848045
18556297
80999598
60903777
16945515
87049064
48740330
34732746
96350381
24915149
35836939
61685684
99588607
3664709
71911641
93415002
61592711
3038667
24016523
41234864
91890934
33285591
28230775
37612119
48910156
93197519
82176923
70974121
6465172
232523
21975827
62324125
25306099
18618282
97191361
85632591
75932911
19375365
22216111
19719429
75323796
12397559
36041433
74225869
92281343
85005474
6050252
41362440
76579835
26459492
7685405
32371480
51369628
7824152
97672044
60909022
90951751
3815210
20505221
2769104
58691611
66677131
2726883
38218468
69044160
31812949
88375476
69169622
18584826
81603615
37570673
42830609
50670154
36406307
20286352
19397150
99194991
60168207
80839540
18396692
23943781
4849134
93543234
47038137
60474064
70371416
99121645
74236437
30930897
10654132
46641164
65812173
63406573
73106458
69318864
76027128
73893435
65860074
40066534
61905366
38946391
18675000
96138572
82347613
45779351
55106533
61268821
79280637
9521055
16312022
86403777
76781213
46390349
32132986
35766485
65789077
51461182
52970136
27065792
34259915
38292874
55446251
12352735
29278704
48779693
59910178
65059561
92281841
65799564
48784129
28734018
614917
66158965
75455619
58518886
22404991
14840320
4454879
44795890
77631025
40788214
3506999
88841877
18993638
93668014
36048695
17682506
23839881
14740419
57908591
60939477
58028925
89306863
93126474
83989081
75548166
88445821
72547103
24578507
3229178
34368205
78094130
51694387
66019238
28415692
73387790
6126614
95553348
57567846
40398036
70404327
20172661
29369417
13922701
72005482
47622964
92844537
72599897
88258574
40679061
65126212
83780647
52164310
80272546
51582336
48454896
78801104
25709622
63268779
93760836
34650084
6614907
69533423
95739791
43558991
71075169
63564104
74565455
66161403
1474186
86631840
13460841
77765607
21563225
74151280
93834041
73172938
4467767
23017422
75227272
37803383
98019219
26312936
68285165
70697844
81460580
72390922
61428605
89804236
75745020
44752351
5892323
92154952
79640146
38983320
89617234
95627717
62582664
12894330
92303135
50401488
83769439
34448181
93785368
11981927
69035778
20564525
22830687
14408441
95327347
5699617
4745909
46532714
40221560
90320440
60561208
98450766
51753500
55332154
15896368
70979770
45611124
37349446
63833313
59207688
42387782
98136917
97174606
435485
36995222
98419342
65651384
44716916
41205135
43321499
62535826
86897587
33386562
98035316
5545445
87535982
97840150
59538440
25800640
92989735
51954256
6084672
24165341
22672504
33627917
33984634
6684263
48628825
8832669
33046884
11936149
83757859
94703139
53546962
77050008
42449980
52470216
5536706
23636795
66703703
71016342
39072666
25896374
98677817
67063505
64821427
22990217
27490598
551298
70713288
84346563
61606475
76394481
79518149
37764319
76262973
18811555
73688072
11659396
85473123
18550726
68811972
78546625
53062822
53294572
65509219
22533154
64318947
34015987
70744820
13738479
29013062
33308347
24305854
59289180
50518709
62915688
59713506
10426106
46481510
4062215
86150474
28043338
99769105
82878869
28115871
83245312
52293182
5871055
7311397
93557668
67656379
54355437
26778522
71371735
40757344
14535434
2326760
33540048
5414404
17737637
25833943
22790700
44520423
53671576
37401313
96511996
61061606
31793728
511027
47899142
14923051
48492072
72681317
39839871
15671009
22386209
67329325
50244202
89927697
28605647
44508067
13909790
79680926
83887048
79819765
92094215
80063275
6070542
47804549
78371419
34146665
42699947
46084572
79945526
16285025
83711034
40809996
71236792
65960298
2088978
34171880
83281311
91420473
77211593
81647443
48103467
89823648
68617258
67739088
50872427
28420424
50018755
8772101
43758113
24102025
36553860
65361479
6847378
13333761
78336951
45926239
34325351
65504744
46909826
31226228
67097812
81502489
58117149
3541742
80871048
37773522
57161262
81158824
60616438
99558092
73856262
16966363
30792662
37866514
44764218
66681482
91720269
35742126
70233696
71101266
92852570
84187291
76804100
85003306
27619354
11939261
22338178
34312668
21488819
55729046
58054964
20660463
45863712
58310844
33964044
45190403
13702830
89924938
54344782
39484976
87995509
53104329
98693313
8213963
24605535
72530574
17385300
86899934
22293621
82477428
99999519
35588242
27176675
98843547
38370304
24553528
6089143
94190111
91118278
28764534
91770742
87904695
46411725
21806549
7603331
79279662
60871724
53436937
30229133
95251447
50347465
54845261
21581605
74220784
17506120
12208875
60201832
26481668
87849808
73911069
83753427
30505453
70634662
2976145
54303485
6407127
91021515
14197923
29708647
93827749
51742904
45301478
66064866
32561053
15418656
15003600
3274492
84484026
99630172
81709735
83572642
5370132
88552143
1935460
68998503
10674380
60252038
56394414
50951473
38834624
48052427
55244379
9162241
17289073
85345609
52932152
44319275
74612897
43291723
95084850
39367385
39163230
42783328
79675436
49018536
16255904
3023552
8476836
93170069
99689518
80461634
87174438
47851371
42541771
78264545
88156351
41628883
54626784
50111763
64041452
77492504
51536949
43169177
59525093
98620535
85453566
24937700
62204241
12575518
79791722
88034632
58960445
50541275
21341780
64998050
36997493
19831524
56049909
89453264
73630909
38589347
51273460
3791150
87285780
12301678
78088317
93008749
27219002
60201128
70088802
15417928
41557326
80058248
53079239
6991472
89444928
32347494
47744342
22764236
79183629
30128715
83172712
21005799
45828572
17106682
40931823
7719857
74659428
73719963
64064195
2580373
60119008
56141157
4844083
12526245
95025006
42816459
25076009
14105083
30718874
6641592
34207067
88586905
39352602
36819894
10109050
63417477
88119386
18822599
39335416
32930463
11386647
15274507
72280393
13786873
2050470
41962918
39173280
91873855
90849781
21057877
75335568
82153513
76992521
91569726
17755315
93667803
1959238
86963563
57992793
33186655
10576751
97186126
30571980
71807713
17059350
91999346
64508469
38973409
60782113
98327744
47309938
90158357
60878342
1648168
75581366
42424393
40173337
523577
46513267
60595036
93687546
28704076
84060500
74971458
86436209
23006701
45804789
60659147
60501504
57427489
44066303
19503938
26922414
45827649
4421184
36736165
43252740
62679127
85803115
9147887
11259032
78138086
80023422
22901857
12240650
74067139
92232832
37661799
79710453
44754271
27962512
8198321
35573817
87858741
3785237
92126551
81576553
25645676
29204514
59410402
59002685
22535539
45955729
22996613
32167464
89654489
34410875
64491277
65285806
96622257
9821014
31876002
99301342
11840032
89174924
31245909
89608686
85459342
52600234
23919557
94112717
19179741
19520846
78704653
84198545
26254584
6284256
75407474
70477444
87337632
99218685
38810847
88533890
32560435
3642203
50013340
96583184
62111812
96363528
12527708
73831299
92639540
33126060
51953666
30388724
96065050
80387969
8053919
64861755
11491514
11388421
69978982
66066709
97337959
4125733
58603813
36231639
49888079
64615191
19461925
33188458
75240127
56158125
55880109
81670071
10260727
76194456
75641316
74752809
82809912
19141228
93773515
26172770
60665587
34405461
16205080
14131735
8887473
3503472
12405016
51377287
42990569
42615229
22585191
51220849
52657933
42423476
62229251
7361095
38235782
48240624
9960655
41451904
62310873
54047276
66151394
70118135
99186262
64512295
45851832
6141764
94672696
37897116
88613905
35808265
51642739
42622872
14285387
26128158
72343675
91007544
92347693
76727165
76352611
2765621
65174375
19397170
99865459
18194372
60717979
98725729
80137628
49233515
83276741
42722696
60639878
12574207
2779122
34787397
80724098
58851650
7505457
32773858
53999075
86126017
95982955
19747858
72367541
43288007
10297877
16896234
75991665
69681104
62242931
26470532
21803755
46405919
50647087
44001621
55132184
89506886
49208955
79456463
99833029
90310392
64546817
76547948
55733300
55338582
6562786
9509395
78225228
81424025
96220256
58244334
63477634
70837121
99124365
87303883
49146070
93328375
17929069
22811885
99197290
32896850
431025
42205507
99344587
25309054
74672412
86285364
27843460
37874227
76305945
57404650
84434238
83362125
69567859
93352543
24796894
55729536
22221541
84338713
14110907
81736625
82764541
87387728
4669471
28838413
46572357
46141066
39376465
4873900
42098819
6598626
12507872
28649209
22766667
62973265
61228099
72267325
53045122
76829653
14101126
76979917
6971476
84726757
11181511
85578970
51756820
34607926
46257292
90761522
99941199
3627739
47244544
37715625
93528896
82415949
89003997
6375608
48806789
72229325
54689712
19652577
56417303
3108982
67307302
22978645
71527607
13586721
77318671
23263240
67027729
87258573
85125448
67294628
30294808
78477802
49982050
37549868
42188592
60010855
4928743
46283303
50999775
12427081
47651082
16002803
68787725
98633915
44404785
69094720
21297800
20868494
41983923
25198209
77188888
71097466
49876825
33870307
53878311
77048428
67793948
94725983
32281637
52648182
29482842
9799482
68976545
62526071
75551081
66269212
36355502
35456679
57072632
14467483
96905582
154555
12948237
68641662
5639304
12627422
34108892
66744630
88743741
2030616
96008345
64562556
82399592
96790347
5881173
84631137
99645711
14843375
94631537
72867083
69978006
96170711
30833448
59690047
55341085
94734563
99731815
50105166
4961721
4727297
58266458
30258603
47823010
60514977
62214488
79667030
11698376
11592845
70997735
97722603
74507230
16741036
35005496
66284932
93291371
18985843
21348703
13431000
4943008
2977643
55895794
2464989
5215329
99722646
29850200
95347655
51185798
14061881
72174231
74192889
22878057
44670591
51618927
92117322
67613096
7888331
9529022
5195469
25622386
96297826
55004873
39535154
54012052
39231798
7751481
36663868
10442478
11166678
46442937
66454395
35191805
64973128
84275202
968905
82013287
23839385
18525757
26609920
67598556
72559990
14738865
76504150
12521080
73699718
8967253
7494524
45715650
97959320
20986543
62641240
23033651
20521348
55897845
64141858
26113721
71843980
38245480
38607677
51767193
1927289
66159966
37360983
34797775
28449711
8024145
28232896
66754054
15170790
3816708
74646701
80366054
65744257
81204331
22635456
59396899
9225726
17528038
42699915
61686715
43942073
45374793
66380856
52764404
23398702
18300278
8892778
5445277
79336003
43821258
48838314
28759407
29846159
22838599
98012811
52493241
59855023
39523212
49992060
44571009
85736961
28034431
23556472
63819124
54788270
98229256
61741602
57542637
20533711
85213619
80535684
77447867
22344939
47536732
98522192
56090611
22890864
81004786
72898427
21785226
79575032
67489180
24564116
48319024
83386417
66340582
50771751
49754311
30973857
39150140
89240956
73086825
93840928
45637592
90691339
72251280
14813620
8069727
31628963
32705317
11465380
10244444
36628365
25754333
90914280
40542118
68406319
86333678
59297492
2893499
23824300
32771322
12013850
28998171
95121072
82651649
70971991
1928856
42392705
43779745
52267459
64415177
90143804
43877695
26599739
21494069
30254736
28411870
23886758
25002263
40834237
23681528
24952934
11451291
51348123
77593762
30700504
22053756
17081729
48299623
79698781
15826719
36731790
49591233
84442202
67293671
33933267
50040534
12491171
28794902
94212283
58737072
62565257
27687938
37361533
54091649
98999991
92347456
6214684
98939498
23587187
55969356
8662811
98075109
76439488
51883718
69816879
22889960
18365675
48033830
55178432
17733956
43509124
24822408
38216551
76394375
91651103
72518092
44496742
48552250
43398494
71474691
13012063
81502459
61908629
87046300
62081485
57803154
58287640
19625003
45735750
21990966
56943534
894478
48913957
46383289
85965790
12586385
30719418
16243526
78137750
48415869
20667714
87091204
60653404
29622645
10280679
66432689
93119735
32928595
84993004
42094822
75280167
44147952
69929511
36225843
22417307
96123213
42405297
1965392
45826267
64070727
31037293
70977958
77007706
3022546
31406667
40435623
72110926
70988229
68912466
75052408
69037062
74381599
16071259
48904649
33617634
32367253
69747748
7022245
9882279
44815951
8566075
96061418
18839080
72430790
290882
13219726
10053811
51246437
80053697
50433521
55060308
67947855
95654747
68560621
58529255
80614841
54053334
67987170
90181022
54272011
24933749
18139532
2477612
71163515
89739513
2701341
96397062
24937769
71516285
36713957
1182828
93207386
74221399
21677620
80489209
30071838
91728607
83393727
26038288
5636297
59051845
44978784
8614135
42360949
735488
17307364
32249007
47082781
88398097
90609318
54754427
43620016
56758920
12089033
34298184
86793425
5051260
31729265
46917667
92413629
38951417
25959122
51915311
99929879
52515742
89470003
97829459
83271594
58630658
5009466
23862421
28969304
3750820
81335290
66157275
5374383
34136478
74648039
4807904
79732623
52781519
77178553
