20705237
89437911
74653312
84144960
84916775
61722592
67910834
35084015
7817270
12305671
34945739
76306162
85407851
22487261
16029902
40053008
61911755
2734163
95951459
64743705
30282680
42490311
58787654
29284701
4597208
19476814
71085350
54124461
63423658
16985777
1563367
66581288
59105740
10689071
74957986
17102478
38807155
84166679
74302392
81136940
87501907
18591542
33853715
43041118
44869833
72569274
11017876
13230693
26586366
2677684
6059187
5482572
34759079
83562086
86217827
3494179
96643522
781411
95380343
1656408
66750780
46222463
83368020
93792596
42637494
3881899
98638741
63143331
4301427
28535694
35509638
45474620
12784475
29968830
27581722
8383900
21710500
18044248
53560948
90176356
95373096
10967743
57486943
96424626
12703257
16834119
75144808
85978834
51700548
81049678
41025557
86312109
15743823
13810748
69039779
98277488
57707268
64193991
14495143
55536665
93298679
61829404
60795483
9301355
18097219
60202949
70627429
65761231
17403911
28906045
36927342
91547444
81661870
53521422
30207082
33796064
42127557
91666339
16342389
36038421
50193095
27044384
3998894
99333562
82684646
48774431
49861706
67975273
91730039
45639583
15243822
99189170
40554222
84592110
13212556
90633948
83337223
77269973
65436404
70033870
86334278
56027062
39371744
41798942
85725572
42670711
77603766
83625591
62834496
91691285
36045320
11502623
23794441
74990519
45563057
18756441
45739683
92775037
83445369
21663645
99183094
99066639
31702461
59136784
720998
87663518
4237930
40353418
5972924
62790926
41672540
48064865
53485754
47889910
88856457
27324056
48064571
15077085
97936715
67547269
12259552
33031304
42584671
68681336
344773
48976630
82607345
87768524
27670985
4611795
12894955
84066705
57182473
64132314
41828990
53844152
99450493
20561530
95381132
22231077
73615099
22691540
46144066
90470381
70715095
43653330
43530333
34241893
55992860
84068378
28559927
75983624
12397470
73195119
12195136
40463420
27098901
21680402
19967560
27075886
47391843
24307890
21285879
33392394
92418420
1594733
54522887
18667452
90693688
56875911
95109438
75730678
650432
25631854
81575754
6219741
38778766
9285639
74998776
20605581
66413898
5393448
66196236
51436991
13836927
38304688
54097661
33132343
84560012
64550273
55240747
87133051
6048399
51504298
41536908
87786775
23578893
94430724
90304487
55391542
44777286
11709433
93671342
73374225
16210738
4007202
47723672
9884114
54358333
3195840
32758926
12524066
76343770
49735028
30754767
18187436
22887796
65871999
67188353
8317778
73985476
66014875
94333845
76156177
96737292
46611845
13189804
24555425
21851703
71948601
49825099
75388448
55683567
82860987
58676867
97420701
7415206
7674064
96000376
3571987
21533003
3752539
51843355
62843941
76844418
90572919
66110470
2730748
66414244
37338887
4406738
35429973
50560352
12881449
92242382
72880279
4080732
91269345
38570555
8455110
66069815
14651471
92670122
93947549
70140964
72851027
43544200
46355838
91838773
67166859
39184043
62096028
2877617
72631706
43887896
80874415
92807823
57052245
34286984
49225388
78270171
8854159
76592550
95911858
40341033
76059324
23132309
36817704
8951218
5422482
8064571
60116683
36848098
53975027
38319401
21482280
9727181
60202690
468633
72954972
88738937
7583764
66324866
19332134
21066791
28904717
14808535
1876294
69218942
90496629
70008070
37661664
81197840
50880174
31243148
64768601
57166296
69141125
54661398
48923819
19037938
46058743
5121060
57060160
94273419
69387123
28255526
58513372
73573120
33511315
56838748
72869069
43710408
23738054
30868134
72690395
59045339
82661906
62076133
94761123
23286275
26559399
50879855
8490618
46622801
66286943
13250016
288153
28496119
46222126
4080675
30828600
79872876
64875038
82203709
44829260
73074179
56745250
11699139
7050860
40741641
66313738
21834122
74272239
61783650
54596900
3137905
32537763
10410893
6680357
32983026
59036956
31884032
48939397
77222435
33644264
16484038
6271653
21093426
95644622
16493519
79490014
50469853
85256859
49312792
29323694
62986249
21101770
12194513
20597936
86556754
8266771
89034455
44730403
30150179
985030
59630531
14916278
97100369
18088566
52011010
13613408
43216020
86330090
76280139
35777888
34607760
58429755
93653647
31745980
82322984
69920268
45587427
56405019
91668193
34089559
24388391
74923817
80672581
2691347
21022616
34974826
64737891
82619939
97110831
10355344
86514571
80121773
13181902
96836949
46219046
39860093
53813041
10490889
16315057
9832223
13304826
17244052
81200417
12585012
68791105
54410331
6375318
9690338
66445338
56149129
43563082
62563789
56712533
10601519
85998233
24493768
49711694
9510851
18806280
92508139
39233405
64721630
43445472
97261926
42408551
52129107
94378619
93615439
9929784
98278644
98694281
83628536
20676575
98133428
67532160
16457866
70171387
99794388
80854124
88121941
317475
63457776
3876118
71598261
25446801
47442410
21952255
88998064
97469921
50432653
11331838
95743479
56113394
55682864
65278243
56088989
7470211
38175413
10087277
81580709
4274069
35398628
77614538
9268081
74045750
32109770
10917067
63951255
48558208
35973673
50209793
68398055
98143437
63222476
98764358
42983954
83055624
75399090
24385911
72449883
47987390
62230371
31160906
74932031
81703774
75391183
29075294
58765046
68125703
38995504
79555495
63577667
73387867
46201111
19249393
38817970
56536466
55579548
45050514
8069657
25839720
94290390
79694291
19120384
44342402
58558804
8933875
78929953
20198079
9057639
59918935
45362028
59271888
3090149
69887317
55679179
81137439
66059923
89676307
16541362
57085313
49370491
54019698
23189923
22516835
2317072
92243563
14888360
20814212
96541956
28224224
28939127
74574197
791025
25677531
92639904
22052797
12434345
9673584
62772311
42245822
73988881
86733547
78429787
54730609
33055705
54674786
80779116
68826285
45367527
75618578
92809999
5480767
47814512
4352541
61485427
15079092
49621182
89258278
83962183
75858047
77755610
86699199
64070594
97708176
17898056
11592446
49792715
3576118
62060663
3425137
85084119
53930624
2853042
41919778
34951049
99409918
25360063
88477007
58864473
18476974
97493886
94011985
38249889
88849724
68740009
47657939
2235661
54004635
88882456
98088974
16427909
93098152
37139408
80170040
6876991
6427477
16756296
45627481
71643427
83215603
72289132
89788335
51923303
70093590
51425433
52966017
9381341
30161567
50573030
98136273
20503325
92865169
79494398
7143212
22445640
88590696
98701468
76537899
93318059
36408001
28013070
55274042
69936550
86891506
31647960
48238989
3632689
14654978
66953213
72252845
69788121
41031092
6136766
4967238
88945837
37593017
63838139
47113598
96665157
34396275
36711512
21710162
17399901
42195535
18744196
86879073
83629097
57448859
26011378
59812208
64461503
11431259
39422324
11491363
76056214
63883116
80803279
76057946
82119807
1085397
61948140
39155610
60144209
51788090
22023199
83812572
56969596
73648385
48179300
88657892
14134169
64093998
28838956
7630320
28843664
76154407
28872329
97772768
72629904
44217316
86201967
80793595
40921723
38343520
64918591
13527038
18186284
50159811
25483288
51938930
49965153
70906180
5281565
79340022
6095357
42773464
81077155
10257187
95922639
96582953
26169318
23519761
76447467
91276111
8115894
33183377
79866505
28361547
87126941
63723232
52174726
64393912
8849203
73085612
26156867
70392733
40986404
63670726
22410774
53851977
2149358
41415339
11828313
4718181
33997011
85295934
44487917
99497574
53529208
59011671
71591924
51107960
16674933
4796271
92793949
20629609
31763351
15943565
1140912
58117077
58709492
14360383
7706559
72864555
15038187
72101697
83537813
24084306
36451499
75822899
94150373
55942791
57448496
72667505
12070629
38018981
36669567
99697299
60893327
54222154
40159907
82287747
10228712
51644321
46972701
76175264
85446929
55531335
43440300
36501684
98086039
66117228
23316785
838978
59106736
57400000
30015844
40602620
24442538
68232361
42451031
90995837
57393248
90424488
25139505
36908134
58411881
45628466
96622458
39112223
90455014
34445788
32284497
8014177
99584566
81183097
10214469
6034001
30427661
83754956
5824798
30676891
64434744
53367236
18884868
67393865
1035158
89413807
64819115
30887417
61160718
50359824
53126501
7113936
32943030
48797473
23715929
37494038
16150205
51655113
12237956
58323594
83121988
42028915
85048881
53158998
24610124
78898646
87925868
52194609
64695358
22143311
84429645
58453761
32909692
16269534
11386387
10271688
92443258
27241230
99638666
76842994
53919763
45525642
13866431
27995585
4467542
54159103
9256229
2744550
82460635
82080722
33173459
53412300
21301788
89575461
92698784
62020536
95632520
82591796
86936961
9925320
34659123
90282170
58168535
8526896
64209396
49975799
44918502
99993946
77966314
55158506
33825661
34517790
17724279
13435168
25162196
551121
94204512
43812595
58089984
49940622
41400567
29227828
88830007
41963354
38889337
12245962
94998553
62259601
85108966
83486709
9661113
71398371
48672616
28664831
76086686
30457917
35747163
1250513
99305372
21548818
61120539
87330671
3262452
75700757
96078015
81214371
87391379
40365718
19346159
64676755
50447378
54887130
58293911
46901099
33880221
93674786
73527058
36998067
96088348
92410554
24591524
77839367
14692256
28492662
70963672
68544243
81107088
90927854
96890296
63130979
85128885
87463327
70536520
30979622
95777096
54707500
11416645
38921043
78924540
15057754
18267219
5922138
50879354
36551803
38835958
55381781
46297954
60053378
92452073
97325351
1195314
41956650
32491323
65114149
27886714
38853240
7577876
92867381
12210794
97245414
35924571
54380001
37728414
96588416
66995505
90991189
39187855
39813990
62440752
67850778
37574145
52211193
70094993
96671369
26949876
44862885
70567265
50544739
10111522
11488075
99562630
20045647
53561704
47994901
8659113
6131166
41696506
34096498
9309360
26462524
29791644
14518940
92870258
57303796
66433112
46393745
56263187
70224838
60897260
19105686
67055751
42227269
23224231
32201853
56458163
83657827
51343247
6505591
57537223
13064444
95786415
52028573
59291833
46872381
63480750
5057964
69138853
65841436
62758724
93378793
44789974
95448166
38783756
50222510
93567482
85684583
21566076
75185886
33155915
41990869
19313029
13549675
62297810
21367065
96961172
275499
75674585
92315737
18282067
20207534
34454630
6335669
44850076
25026676
42441257
95026631
43040753
552989
93004167
39783508
89098946
36144506
2227740
44644278
1464190
637778
89661756
37569210
1768416
33268536
97406858
43926609
69828942
28254197
73234951
83708918
22179900
49514647
49858856
3664506
69139018
27988814
55883000
64755362
59245146
87407034
90795528
64711823
85781198
66647330
23897518
28832262
12925821
62758194
75792374
51995470
308511
64000470
21495479
82268553
92207231
95850920
86739337
38252311
76983899
34785127
99214161
22515330
3239125
53738898
82719102
25769433
75816989
26430654
3343239
20763454
96848333
89515522
19150090
71640196
62185603
11028269
32987952
96176206
11979077
10321110
33137399
26123143
96930451
42839606
41436577
28862241
27336091
66976491
28329442
31161244
93041526
18529155
16869900
42703838
13457239
57481248
46656716
44748819
1486634
15616224
68680426
31277646
1291321
89122913
65083178
55410323
55619503
20730078
36251460
84641696
5136895
68338911
41720488
18933219
88497590
31686337
8227156
70375310
76095960
4454492
83192608
9840992
74233073
690321
94410188
51754141
75758954
1173358
88900176
38571918
21771542
73970985
66721362
79442633
46718989
12166944
88097003
51323424
80838660
56161147
22303570
8446124
33187310
29982524
28947872
74218655
20219792
46729342
87439571
64117895
89452122
91973296
98051290
10133087
622280
97721183
70356181
72083273
94907672
52412768
62422841
93446704
67065354
8799382
69832895
69268285
40156799
76446714
23757239
71057746
31635645
4738346
51459811
76848704
20077657
44044079
55141089
96365291
83980968
11522810
22430071
99046071
86116205
23841543
79304392
50278390
39617953
79014164
16890787
26312923
86670209
73476991
94291507
8842522
81052241
3197403
91578817
82387155
66809503
39176232
86894588
69317728
4059601
45150733
84587119
76694676
6038235
66862971
34028321
60619515
44970617
88514801
5036666
28751747
71426584
37061449
46068964
73538482
26370166
85705836
64439176
54035071
14859821
23923108
47039118
91556882
16048174
2095086
41030808
55786845
65062071
36226337
30977498
35939050
90192237
22324474
60237679
78887295
96149779
50099325
17254058
76926383
88034116
36913151
83047089
9092778
41805958
45654725
63297589
4107432
17673149
70403500
45668746
12147298
82661007
10258671
67025973
8406047
68481648
91968906
16097990
1480837
1744684
15709292
68564330
9052449
53592692
10688562
60832509
25012839
77311407
44577415
26985063
16542299
93367044
17417055
67818065
5790812
30479146
1170968
20208363
44375350
34365829
75821538
59971709
23958718
82060048
49138820
785229
13582255
31015510
24349684
29673306
55680780
52251712
14728034
4761708
59230220
46044159
76403596
26649899
39255507
4746150
6951395
7661234
36610348
79704018
80123827
79233313
60458091
48597437
19134207
24068725
80082546
47109551
3960692
72933461
12763184
82563751
78103484
14325242
77993356
56746474
77419560
59125319
93625554
6860736
78362751
38464386
67430222
20013821
15383147
20978963
88470591
67988143
77566424
90197368
83741857
92513168
10576427
84142444
69235713
25808063
91144602
49902103
80883456
67462702
94188212
42512461
83848159
38043292
81247264
98941741
21222219
29136699
81100787
97219448
56677519
61124344
10207199
76339820
9410644
12002970
19608860
36528918
78813764
52390240
49024447
86430195
73755907
76284296
50661056
7874848
37070660
2341726
318274
17949991
5440815
73033297
52424116
14394270
326150
46049656
4849650
28536287
34621473
63674829
94601376
30805265
30578383
22793277
46402925
81792440
57875678
17512312
37178992
79503070
66647582
80235304
71149401
74409856
69669907
17495062
24030261
69824813
82128062
85943930
39024187
19527947
74634561
53274739
5617858
22805600
76144706
94114004
98337872
84107037
13445826
64309541
95300104
73359649
58833660
91193124
73361323
75351364
7845598
82053366
78630988
61968856
12837563
90285697
96426397
83406427
9917390
5473605
61169394
9047374
83855430
73284177
3651031
16860567
27968398
80965425
24271557
38474269
18773930
44401510
88482659
15206798
39733980
55359684
96087866
10282197
3630125
45699640
43934198
4071566
69322183
92174257
56447961
4203327
8994470
6031935
15412902
62553328
25121652
86850376
51072579
26553519
41747478
28100465
64462860
22307711
72443254
63324006
29451455
13975018
60065279
91300031
85763726
50664090
65762863
73766768
28392506
90336750
39486874
62646286
239367
93116617
54893265
39834731
27877835
78708526
71320596
74877954
55860770
1582327
45948579
34845401
73616977
93642868
76475419
18874888
61028302
76375063
10331394
29891613
3738727
38312343
19550422
62138731
5128878
5824479
28156936
72184431
53630900
45657050
33910788
42882430
70375128
41040639
2518352
95869123
22989342
86518858
81420438
81918133
36579965
70366836
81329063
25584078
35385764
80570976
22915417
23747039
80685197
89649710
24445940
26640764
15018602
79703249
15592599
87740433
67950879
63001145
34067217
20486156
21684172
64844444
16868486
44468150
79640351
5248895
53603870
57525777
44963425
44121576
57370248
25021844
63174444
41699328
20760906
33479879
28599816
43224758
38614036
65974381
32485453
69858216
68355721
37495386
75056788
44165564
46323434
86330546
74652531
37426844
88000635
65828366
40504763
55208121
99808031
20027823
78213346
19996387
95894386
13134613
32588363
45710694
70773974
72736921
69250839
55421350
18578402
65848231
98950868
99679756
59201329
59789829
28698137
1811728
30520274
86956271
98177797
85765473
68706200
88023010
1433294
17849271
24770980
81338433
71693384
90683866
473509
50141369
67464113
12783590
12751790
39264403
83033623
50631573
68750910
51977420
17695526
53652255
47822216
75947354
28600809
5589714
33391282
61835898
56584063
66160357
78464884
18612215
62558032
86408149
31752379
24048679
92872075
37068321
66835734
19820573
41031367
41319378
46415361
18382431
59186200
55027890
36614196
88311470
67181755
70839205
24970270
15719264
63723230
25592585
27540962
22413445
10279957
96438190
33757876
51895733
20327497
99423195
2899579
46580094
15704052
81222229
87790245
8665777
82293485
91170915
53403284
16193329
20508012
81685030
23712588
8745255
53152578
44511964
45154366
24796123
14892050
73576151
77787797
40144963
44084633
92143946
78174314
39414661
65607628
34512541
27719942
22182194
34329019
33912072
34194588
10689649
65692024
38560299
77029365
71556266
5233621
75028999
57604919
70664858
61500952
11924890
96512013
50160377
93044220
84572890
64391573
90093136
28119139
77003561
30328330
86273706
69931362
25604170
42312430
15885631
81070211
30329231
76094579
36952569
49287896
4783255
9053787
14113715
47282500
7869015
9980576
43058627
76204572
70921506
81424164
69307033
60510013
59115276
26264829
60963174
27969198
51081795
22180648
2183085
71454891
81778353
57471755
25870649
27653085
49971949
59950193
76591997
1053107
22589576
6594848
65178533
17125355
21285754
42980366
2553711
63138580
64453257
99880151
23198646
20773260
79820421
93151549
99758690
72694195
60995498
48415690
79181914
11293993
42749879
5038815
47499568
82238395
63439515
72669498
68809855
85009671
77888486
54311131
35023068
7228899
85226959
28150467
4885820
7711593
53457354
97908475
76392058
34616
38025899
61075484
58173065
41413561
75266786
62135547
96754344
85410180
9453576
1246330
69639959
26977378
30663335
58668456
14053877
76796469
69132290
40153470
86334206
55758737
29746345
60659716
41066117
58647684
44368965
18237765
50025957
4366124
49603230
96724713
23974287
13477559
21722359
57040877
93126280
56918954
81054608
22411777
75009014
10380241
76156985
29374038
45611216
13502291
44902185
88277344
56079983
19003882
29623335
39893100
285561
34852851
63563930
11848494
56378348
38624327
277523
16823811
36896568
83231314
97646112
22058084
29923422
44562505
57703609
73824141
9200862
33767209
30508875
57412247
47079336
53414937
32131745
74133841
4699250
77023005
27699500
31718414
65472932
55465132
60065995
14304668
1966328
54744839
57524684
98235734
75665802
98687714
12084276
43204020
46820698
70457265
11749959
54900569
24639819
53028651
9676551
276451
55192625
34816082
29011950
78421625
23365190
16423382
19078844
64619466
50050061
36256076
99416775
13519450
51888595
14512591
41031256
80538144
41063497
98250454
90045277
87741242
33753521
19239041
97415357
58468980
66193282
36649601
90512294
90196074
5730513
92385464
32727903
95584040
8426954
6978850
23468102
73104627
57440739
99916571
77929828
43746292
61292127
11284128
42334871
72801674
36468402
99472412
40713364
97880220
27696670
13532014
260999
31201830
67387117
60137274
39258356
86670364
20704185
32716001
84960856
81417375
92195381
9989592
21211617
69212539
33539464
11628311
12240886
17959667
67467179
567118
52433422
45897980
98999604
76217073
85118931
78367308
22462456
51017521
30085123
50113812
8591134
83720804
68978485
93470163
46189545
95220114
57686605
26415379
4755836
78704189
2125541
24270134
70465163
41402011
97045593
30277743
55552668
24220818
3021389
73596615
78253677
40094369
71853470
5891462
45457930
92370808
97267931
1186507
81496176
21938751
77876154
67488030
36231906
84271837
43564550
49769254
39596833
25678145
67875026
66094121
36726168
84940846
91679669
45003527
59540371
69305912
28957050
41319619
64695628
98422300
69677574
83562015
60876319
93282221
20500271
76254760
12640158
35614354
38906210
10045711
9316113
87774159
57763669
29871477
75198302
31482152
63404352
77421971
35825398
73590052
11236459
7950595
2046119
34380320
91045149
22125835
52629401
19533828
37602628
3828924
28918556
57379109
36953094
76678070
3487296
18875316
33888270
44535738
78568830
2560461
83115774
83860722
78476237
52673813
32072795
51827857
72278686
67282695
67939826
85944397
16906599
5956635
72411485
3702612
54935912
78091554
65105828
85050867
56019465
14860072
83750546
12175266
89661258
58600710
72841747
60175653
12947166
56661693
5284402
80590775
56541881
92712581
10503833
52713999
38279374
36542262
88206317
1826550
4815644
94083490
31054340
63834614
73960423
54249844
48532386
25462372
14834007
82596299
1022896
6940550
18353621
67470667
31003839
83405805
28721454
1559121
76530497
37483219
47506888
39063332
5904695
9526897
56918250
36142933
64998627
15532940
67334501
51630896
41542000
93151763
32927987
39378209
87308063
8681019
33004692
35785436
41546971
20517663
50148457
16189962
92199139
69746501
58809926
84180050
47073525
89368989
51983735
8100726
68024107
87964396
39756806
99369218
79106533
83762176
69968278
30198279
35843835
53751022
8092330
87474890
82267695
26865156
57729726
71998797
26362298
95461872
3441846
89100895
93327138
94917402
28080596
86200613
40918636
41962561
12029505
75729846
51034762
86940395
63103930
93010270
30623147
60625234
95503545
80681091
73521504
86566102
78916178
79612998
18435224
91616391
68907073
40182838
39105355
69537246
93223231
16865827
57531923
78637014
53904096
76926331
31999890
80430066
36842179
57646712
29027583
77934661
24074054
29606004
75148743
18098345
82395642
80228067
86504062
92198199
99621113
86747003
86832786
98489409
21043816
33042425
90959078
42309194
9146255
49244196
2295448
52982115
88269666
37891009
90790266
66389357
56641929
7112621
81429898
46646962
52483654
86227427
38192007
88829990
72039684
73841799
38511492
42175476
76911550
22264340
32468309
76490740
1618556
58920783
61343060
74580602
80106498
42678976
39898905
38738946
53295399
59490710
735745
83846501
17316024
66753691
64890822
46519535
13096109
32771975
53204113
56046404
827149
39712272
74264289
98520911
64676252
31857111
36087755
21656402
56034154
90454407
86761905
44057878
12023259
45163311
8673082
2365731
35516109
37217724
97907813
80209367
89304791
40464574
75931104
65777058
1447432
59928775
40191086
23659067
56017272
58523319
21460612
58689889
8294243
21283319
28778666
61309020
98194990
78694473
57637240
73947197
26157163
43606234
53748539
69909108
68103928
26032128
98170906
62384648
12261949
73176338
87819560
95624803
42417428
24103287
46160190
93985391
34074297
34347275
63874726
92081316
32546133
52295481
42802991
37553938
86568394
1404771
92694228
45007433
23461611
57779647
29390879
47984114
51264768
53457552
14669633
40652437
58591153
57582029
97313871
52537733
65926319
83451531
32865066
32438086
60200225
80623308
80255430
41234376
28817812
96447134
25065665
58661837
53992899
87365198
13384590
85325930
66362232
13186406
58064998
43538728
10312755
29439523
85482763
33005609
38055994
72872244
72922996
95341051
7690643
59605288
96761688
43250701
70557425
86676325
68467755
17459510
14060915
45591498
59726204
19707078
19001827
16785637
78804118
12831544
27545278
42935387
28900762
67537336
69762215
82713177
87800592
83127460
46878600
21439971
54399753
11179784
42804766
83138378
18889892
14647288
1778547
87406963
8518883
69130798
36465056
11734527
93838679
94440173
25173460
50495013
90138331
8695689
52787063
31157695
12859019
87663099
80233284
74402446
98986231
3415305
60617356
2413715
36355465
1529278
79717181
63892642
80557359
91283371
26607914
85061129
92143492
58705201
98259767
27740427
19682389
43510460
90784432
53031433
58478437
99132606
7739295
21795591
5551835
19519783
50139564
49405339
22260451
23965651
31803887
87936006
4072436
2075806
22414514
70923831
13530520
64291582
10299552
25948377
58352160
20876924
94030288
28921759
53518389
47240802
5803866
52475606
34946164
30039410
77555060
37225452
44332682
34718107
50321136
91226089
30637353
63897225
21748820
92307910
80278013
41051520
15974485
75307574
64924033
25211154
24557522
15150756
90043854
36708405
56991664
98173267
18687173
85972958
18590665
16904106
79847483
9049687
81891701
91537067
16066453
92115129
64385316
70300114
95117153
4567908
99455460
59041727
50082929
18580447
52099002
56657006
36423856
56488395
35962814
14222221
80076219
43144492
58534942
70452353
27366529
18595337
62311920
77801435
37948846
53420844
22687273
18797831
93591687
49375572
42427790
80185706
59485239
38291687
13326657
65950887
51550452
92614822
91662079
90572419
84381047
69239986
7231146
89967357
12272715
73325372
5823193
44452508
94030831
17123896
51509762
8728060
3622989
36797110
36918514
18088000
48659125
39644698
3785683
65478819
74461659
79463138
46924539
86123550
73971979
83513004
50044682
29580303
93740105
61317696
79014570
64125786
87739123
30959309
8549153
12993094
99123677
24755520
97991623
40755312
29355604
46129128
12912104
8426945
36556915
47306899
60488332
26566616
95058303
24641245
64155326
92180637
52684325
23810965
59443793
70506449
81682811
45131530
16965266
90697616
24578822
55691270
1141226
50067919
25669654
79883936
7506587
87100198
1477434
50897916
52255503
64575348
86505123
3680323
47920020
59616816
14622628
29981917
94493973
25991617
13314353
67392128
90729364
83123022
23591769
69321786
29690138
18435295
65707417
62706861
18439290
79941489
88797188
45298362
55546049
7468823
63656880
3059358
38686124
14353799
23170025
64195593
455915
30330149
12681742
81870609
39069673
45117604
53036479
55078351
97194712
55127957
62657461
76530971
3820589
1220878
68673211
4255419
73341685
47922201
24640684
99585844
50288027
62484111
42249879
95896203
98114189
83986283
85951991
88844116
65539282
87230324
76378479
12979448
6598881
70587554
1910090
81952273
45127770
57130153
3014005
69590495
31280502
62944843
13662996
75163270
6466865
94501562
36469714
86150587
26698907
87572785
92129776
30439004
56081007
64711463
23757436
99065502
77086400
85815797
12934609
2892272
50469509
11519970
79142563
49484684
61074850
2869947
75752921
19667559
88996913
44222139
47933063
96340601
92956010
84317777
90742807
17850934
502481
47497411
25724785
5712807
37534676
7963483
7404840
31867409
59149449
71892969
47381149
91938723
71485234
88200163
68104231
45409943
34489614
97266877
92200820
25297950
54403800
65736131
842749
25926025
38393185
58140778
84560162
33775059
29318153
95509494
19804260
86187793
51049168
56222949
28608759
18518215
3998319
51541648
88375058
52986002
63929085
67094032
44378277
57263922
79358294
47253160
93039773
46708936
3102920
80237239
95026281
12877742
53272794
60350099
96456145
69508922
69355191
15405823
92577904
20424268
49355915
15776775
51118210
71993088
40124178
99391301
87599927
26530619
89688896
18868139
42550338
47324749
7158002
30819318
56319378
70675671
65240118
12594466
20582449
37890408
44884938
99307895
49991555
44453481
94606623
69374800
56751976
1746283
68065099
73827319
8286551
22379868
14077566
58864084
12290850
8767211
63993287
88225356
15692968
98300883
87063246
46498896
70983814
50135567
9416420
15632197
2437135
32114657
25957408
62669383
59892907
17222724
72303643
47024252
92117097
27687793
17904123
70728568
84006297
65779673
80360561
12727716
22231392
35391000
46247421
78083003
82761477
88269663
87136339
30514732
54328765
16295778
10845938
16352667
12407512
45921800
11662660
23861480
37863407
79729125
51412888
46131311
96249405
44312558
31137506
22253608
31028107
69377271
91842740
2088295
55788133
91657804
70814302
26976775
46953080
380417
96452446
28007197
41848045
47817884
79142221
8281195
26972813
82717814
32035952
92905996
74134294
76735049
75298098
78009186
2739364
13227582
21033260
84961296
17679635
75436749
22550858
86699728
86945547
86924348
43557947
94393997
73386895
29973413
4204570
80135594
68829428
14288440
29471760
58493070
36641979
40175288
48066456
24651519
43315727
72261852
63655019
9453664
3917892
97796938
39462492
41675485
246821
55162048
43074418
21826630
10852352
22228195
2261716
95589262
9786776
51467753
40754851
53406596
22115537
48051095
80366997
36216375
13977248
13782482
99650136
108900
71725910
18421700
13658407
88767007
77219351
61638451
53822884
83413838
93260598
8221502
80669707
82168350
39102336
76051883
34750170
74739338
21480827
22791541
16227737
75337891
76040910
36826128
46020616
83813867
34005190
166802
24075044
98643467
34347419
12568251
83372784
3568067
36318323
32999787
69937838
45743647
33634406
81456410
60108901
51166466
91203682
48463563
67776164
16889611
51881372
7744468
24560067
39753025
39212333
94226464
39103210
23873948
9734687
37397635
82892283
88280078
99630914
12601816
72333516
99367390
36789629
9724065
23678664
57008418
36938631
68690662
90574685
7158962
98822342
85235377
94844408
49450983
11938823
73191186
28078608
11952957
76111876
87224557
38693950
93169039
82603033
63174541
67632548
26966543
233373
55001330
91930136
11857488
80312783
57076668
44041242
32966103
13950828
97479991
66540386
6076575
10038233
30384710
24645770
41171910
94406476
48810092
91177827
11619954
39293759
5397894
90385852
6989846
71166
68897143
54552349
9715498
63083937
27786156
9403445
98426292
63372838
69155453
86326457
24948287
63835792
37957528
97287837
86880744
72808972
13627790
64485902
3344677
64702849
46321236
7512851
19490085
68681934
60931245
86102302
12551599
58882231
95752400
86657580
42150497
6473242
61127334
95356208
86436299
71781097
58674740
95832143
27420548
12077534
81224036
65860148
70821102
6155610
60867777
62944608
30457613
2587959
10777376
20471458
34550438
51103678
93604570
48589413
50912430
19299378
24894188
17374924
14053689
22585827
95868066
85952573
312945
53409970
32669998
27211453
72741677
75649926
98781558
6680148
82853486
62006932
10065993
11528509
44750636
38994094
76228915
47064836
97981151
44269725
52864402
95251302
29510894
51211459
54002654
30046628
4128569
83260597
10842878
47606198
2726311
8422657
49654892
23466630
55972161
99976485
14184383
22781861
21774710
79502492
37988240
10086347
93933084
26716217
37843403
32577110
29026416
25432585
75185062
93254993
29213159
6026237
51367839
87442873
17679861
34694740
43141927
31171461
39398009
52000469
36370901
16017347
95695545
12108747
10990611
90002104
61757275
58953222
28839760
37186864
94194230
55143733
11540914
81530435
39136524
91329029
60001354
45369783
9515045
67247510
19014562
60838560
76700373
59151268
77859911
9073730
38084947
56447012
31563534
69624955
53861942
43146342
69061587
28947972
11807999
12589688
60171506
50484333
98244103
90277984
62804747
3461423
37278990
64147855
73587554
37962612
78876487
67303541
77327369
94562601
75270496
15311679
8995787
80891990
34044848
5981412
77887635
27395359
9004904
1098899
71536664
50191313
41182668
29777649
61052938
6566253
60416832
21951253
23450412
41614383
71546558
43514687
30114278
23449386
81930262
58557441
94851021
96010498
73299461
17722159
63223407
52342812
64350533
47907504
21501006
14486929
22964890
63626931
1117212
88149091
51562849
80721800
61097450
99607655
68773689
15553569
51809000
44968559
6481679
51574830
21992795
18655313
3525902
25813913
67654304
55720425
16799838
52006087
79482655
98073418
81902300
99397006
54343810
935908
9919102
61611452
76998635
72724762
94316720
40302266
82770697
84241792
76727533
46196919
17932018
33125131
93076698
2496531
50303968
44311510
88675955
41012380
25049882
28967277
10382699
47779627
59159805
66689262
38634872
35520360
84167115
56996450
11862503
30912382
91152190
57668101
40203499
13734923
32403267
39036117
87739726
64793352
97240780
98261884
53223405
26098787
4114688
28002213
66001
81247418
89169866
85330786
73888157
46987459
84747974
92705709
75855692
8034504
38307175
33425149
76901783
43521929
96460952
23400213
4945585
7770965
78727977
25640223
27726856
68576417
77630232
39875960
91620094
71735718
79598572
16671360
68351449
18901521
70266434
23347908
46133061
94795617
35337831
73907578
17720454
98490902
17544027
6734457
1751184
74991169
12267026
60219916
15776945
21564266
24606928
92090842
80585905
17027274
64623213
11956189
61969022
1742040
59924227
70315964
69473424
59442009
95046535
49592899
80340729
55260012
95902214
55536869
3157207
12032409
42341808
45591525
32409224
69013555
84782265
78221313
46130394
43998284
62444806
92959717
64011387
70546208
77396155
82959523
21611467
82286367
88449908
11361771
43224636
28320010
28915755
38649593
97144338
13186227
26534588
36539016
53749746
96477755
16826761
60882425
81285316
24312935
54181725
24431825
52892513
99342186
56248977
9160069
52917491
73538416
88847753
71255779
1153376
72412410
59844410
39982080
13657599
49235277
96932352
91900928
41485946
21929836
88344525
47479699
4156608
21004371
28948725
86806560
35087032
51423989
56759529
10404566
70933865
47913286
13069074
48239946
19129125
77406981
60242427
18367201
31913529
75930310
46654428
97414916
25390843
11068827
44917557
60752768
73253259
79035690
26909309
11630874
81468687
16352275
9391092
66253931
72593868
87339733
59122613
27941540
93324062
45782840
96568356
72384239
89232123
60280796
40443752
72665055
22634617
182034
6136042
92779006
35125716
27396248
30141724
62036616
12530564
88247121
93147500
62875837
65250599
99074686
48044495
97702546
62565511
39553632
75770368
49834810
35239196
11288338
78459235
82199329
27032986
67035116
51952205
71041096
27773533
52701456
70138717
56897863
74730485
18372811
75649385
51978834
36685289
17944366
57973439
29954148
21214054
41734502
98577359
79777304
33923103
98862877
49454911
99253953
30104958
14985573
266777
80901714
3423987
44325076
96657958
5618993
7376126
19482498
32848310
4282613
31858745
64214942
93897373
19102660
24991551
35953861
39105575
90258253
85738862
78729055
1962767
63595782
79853714
22902587
5940638
11585072
52292239
82580471
83890163
37187656
19812055
36371687
82545531
4211740
62770919
20859127
28582157
57760618
92126966
19251862
78320795
15017712
19798163
8247130
70460156
91903588
90220316
14167249
10369261
46957700
50797745
87951386
42908578
60291625
63093898
70944326
69180017
48597375
58083283
89750763
26660395
79297966
36169
74787763
71212583
12109605
94470644
53235119
99970685
79506480
65488757
8978845
39445882
68553860
45297054
6747687
55856857
36705790
57367089
29267313
58510052
24848619
81407609
10881349
29221766
27040744
40105552
79375819
4629465
32089023
37548391
41547351
29051856
64189439
9111502
96839134
88649522
94398436
13257679
93437266
68723665
87471023
33841042
85426252
42520147
3062130
69655971
55743255
97218418
31023591
98325505
83569278
43222123
82516724
73126945
54422928
80371257
60997439
42434652
84041461
39820748
90947220
31969688
12412882
96305147
50513595
32671075
13903956
76226874
52287583
60220936
87480986
67184161
28702193
58375483
44261668
52004802
8379877
69799367
69789064
80753906
4868146
99375162
56883450
90571306
39854134
91620900
66542008
31782061
34111760
81270595
76210950
84855347
56874469
16049375
57793985
97293012
74535135
94280524
3647553
2884525
5391130
82259872
73660673
40121776
81277730
4190032
65576204
97575742
20521782
5392605
6202610
14325346
38873610
20447703
11551150
29445919
20127245
78680632
28440642
91905397
9527511
76079031
14437258
94698483
27359829
66061482
80375311
75793934
79416046
62785476
15681170
7394793
99552401
24803050
64791953
51979645
21035328
84579302
6064350
77149357
49045698
92754807
65429783
12356415
97870148
17842793
2578690
333470
57140124
44373860
46556452
88567566
96958472
9678591
99661311
17575207
90969106
3020717
56075853
10904168
57706937
42723149
20699794
51423676
34109879
3854389
21911396
56067251
84087337
17700467
50793952
62668947
57699228
66436912
28311093
1113359
5358669
8362479
62747659
39336134
35482806
10217740
3610680
72680521
2917921
85568877
46944279
35504683
67271546
74110735
43098645
48344845
15607420
37715685
24268609
71193010
53784923
29857094
76906051
85178458
15730263
64620793
8587799
51438384
94349312
18502221
5603621
13206616
74940051
67535586
39820843
24565902
27789773
45009832
78454528
62646236
32437032
6614396
87044376
98631375
97205917
74133520
58589525
97082703
93015956
98193435
71482429
80570014
89100462
54391536
32272550
1900889
24435993
76397063
89131834
68844266
90152708
5081693
50105153
95124676
62803174
87589616
26914731
27782977
37381303
84246501
68039823
90149104
41934352
42391534
48662729
57812941
83222768
71255633
3899505
29758921
31932860
71249667
23422293
44679387
63526712
10108092
17264702
6157288
37315964
35086386
26799293
59165359
97915257
64299740
66545711
61705085
31321635
55855422
95592127
33362278
28475375
82999071
21800634
69634046
78680423
20992172
54383387
87976058
61256088
52119086
16596544
11467368
6154211
76322132
71483585
3454025
45352040
72164267
50371147
68826359
59176420
40762705
43906639
27357267
57388529
81415937
98124943
36315533
11166146
7002287
79202145
42694188
61788023
48923675
379843
55447885
3237788
85402331
38317621
85825517
98369193
3844750
96076274
29205619
70724514
50875354
37263162
50141821
40081767
50730096
39737879
26505017
66556650
13075847
72292082
67094610
99307033
10540452
79782835
90339597
93295855
51770598
8700586
53017843
46624654
18447406
63356989
31405181
36788473
57449959
13178360
32110525
48350103
53404179
10562047
34121550
27477757
63176743
44276138
61467327
12333150
62078386
19086193
48834303
62183952
22699662
37212905
36681676
35792811
12345541
93661753
32918096
58505944
57749168
74288023
66695609
59001046
464581
92007020
39228717
49564371
54220754
64035207
71789502
85575091
43123438
4905714
51214522
28423929
70369065
64619826
45913512
43355743
95664720
98001926
76303428
39185844
38323392
46876163
9828706
63626106
18175199
26247133
51066194
54431976
90372405
21839173
52213087
96165868
28762046
26530854
34306414
67667153
79050178
59835388
45556849
6580600
41539865
1775920
3302447
57546704
2310996
85826025
67437747
82692665
36829450
31388810
50801345
51617703
59571378
59695788
92988476
31604155
52115611
55590309
83534164
30626638
69912766
96378959
35565652
37652362
86908506
92094135
44206205
77975067
46176531
1897573
42561144
30581407
7403885
18961584
55745833
88394417
33711630
26631695
21445476
88890465
13003933
21539266
57394537
30588771
9360817
72328846
56052751
97926142
43585045
44618506
47886782
58036730
64879103
57168269
15847979
20973340
12697235
86896147
12848535
95491105
8619641
43317844
20248604
51199413
6500461
6217571
42099791
5922293
96535610
95781535
66048168
76272036
96595932
42459680
32237678
72109291
12377676
40681657
24393438
10291868
99594172
7669774
40306683
19862827
96226405
61539879
83433578
85627569
19454193
4454270
61084002
37516699
15593394
35599195
87355717
59112044
71336727
17852015
14804977
38825767
87103436
43397325
95703113
42094940
51985817
65864289
34791807
13551900
76306627
81876338
10063384
69762080
84075887
57986679
1536869
84388875
49348285
62348763
23438882
58929656
94446163
51785244
85411022
22247204
36010377
9817638
28324838
1489851
86546030
30420171
305923
50691769
32965028
41859378
4041774
23751336
38130096
45208044
32537651
3718938
84555928
29115239
31955511
50711386
96992497
59530625
56610183
89758546
45717433
84680665
30351766
35939495
89571392
41657683
41341387
69517777
84470302
57965612
11541629
87918936
6388948
16330982
859118
84349886
1113627
72903238
20649114
78087875
66883270
2194452
32102956
99178243
87845143
34267772
97196520
9024252
15227201
73759317
30032268
66268980
76440065
56950130
37265282
48789918
62779714
44372571
45127743
94729424
56754497
83770622
83878472
5017965
37313390
46248417
15788903
92303047
83221444
51707143
37945291
60308091
2629406
46710148
88393038
2379846
59103031
15037646
42251219
88096312
98322438
35495764
51931335
75185488
74483730
84496792
97949104
67992899
46801748
48241899
37894104
25460187
85076895
16479837
10605391
8826934
27968846
79505680
83822606
37011698
96937160
1407640
3426486
17365101
32203981
26006307
96827292
85165932
67877967
60993262
95471454
8622452
70973786
89262481
45739405
60737270
16466617
22798136
78178138
85975338
92939070
96110906
31158048
38501363
81605326
12618776
53119055
89558895
71571917
87731048
66295326
17990089
83950029
92307727
30411638
63541211
27125857
11998376
99878205
6555614
75681301
74910318
62949528
81130778
68283015
82170575
92447024
23151609
51496819
9906665
39097802
44664718
26064867
84092683
17930773
25263549
25840583
3380529
14455395
84901024
86188580
75689718
56252609
52362412
53899767
44909505
98927690
50712687
84513846
5946627
74128567
57055095
43888825
71475302
2799712
18616801
36373526
46432183
21084368
13691925
18772374
14981358
75112211
69680509
98453963
9156406
71134494
78055209
68045955
72414885
96447096
81015260
55798970
39584114
70734356
58176134
38611474
17817747
10415865
64344611
151236
69943710
52049127
23601680
13269023
69841690
69002611
19837066
89220776
46544245
35451001
428350
95021329
118595
14353290
9581166
699
75919715
40294491
32367121
7611174
16945193
14885721
20671938
90796069
1563630
60365746
33320394
11200889
86449517
92153775
13653207
66108218
69423100
13840465
15376185
97498518
91667653
82088613
18508559
90249574
34012477
40749457
55505881
9686951
88126005
62007763
8655589
85765698
2087683
67208102
18129513
10756842
76303538
72626537
33898016
75993479
96314184
92943342
99460871
27832496
96446158
67871827
62696185
41940638
46665574
65072580
66871764
37961212
77516757
84923987
85824693
71600641
71590759
31744018
45132121
73305265
22745773
94874489
77693476
98988317
4178309
8650742
18954110
91868396
76350189
3100256
43618079
19140762
79116690
31175809
29708496
49228577
75666912
41901178
94920786
48368764
66810474
25151849
74193001
95193485
91419930
3852322
9421457
47068024
1768564
1255812
26288764
11881657
26215463
17055815
579998
79394755
59613796
9271115
94234457
51029091
24287566
48306280
77700209
6487142
91795817
46967225
33552575
69569746
54297487
28541065
24592979
20034164
45141704
83748021
35681425
67717495
8605812
26233903
25516683
91588357
67309357
97503949
29358663
56664973
38527025
75674402
5155153
75758928
43840328
15630331
61734261
70455350
54726513
48204364
8069826
80561400
22158428
40544044
28891945
26596898
77307551
90752834
99566051
96302444
28947181
99917809
58013856
37570006
23869640
99463219
14490776
67144337
18768173
55381032
65895670
90256707
269973
3614801
32330271
45897704
45521036
54792289
2190060
91410906
86052802
98927721
26077419
65106498
46261485
42650937
41527832
10732706
3676956
11191552
52120234
77603819
32282553
89552822
73823367
17229226
52436690
80571735
28317564
26936222
56960675
65640574
1337597
84591322
89597897
49014618
74093941
32055266
62258171
17540904
92101213
56958498
28467498
50447878
17709993
75730474
59869802
60460962
78324145
44149150
35143811
45218906
751032
31834977
68391388
45420672
10531239
85266110
91305709
97222807
31523665
83636596
54492060
53246599
58316967
50562103
99291159
91076272
57886988
99536585
30433503
92733241
85621567
76459128
29498656
52283724
53525789
11183916
44727310
26611130
18875568
11961114
14629492
81055462
11262079
99018195
44386268
85084939
46814429
43858264
62882480
16051627
92590107
32918528
46639749
77429776
64680289
33142602
44421209
25313718
58479336
4227956
21466115
87449854
6997474
17114352
87862120
56116362
67360756
99561292
95605260
34003266
79284664
4283707
66611807
70291329
48431960
14631927
32644294
71568180
700913
32586386
96956833
26907908
30113128
97117978
88280841
7037472
12210026
39546336
70269279
41924032
59933763
3505655
97430032
50490697
19402641
81496466
12486323
83026973
20246566
87090953
4611795
19005889
37613541
40800935
20827792
73827366
64390717
29932859
85633815
30073673
88538731
7198182
25611570
16619982
64050002
33262975
4755845
55490295
1566810
96423431
91199375
30369582
26451154
42795493
7978980
53495705
1424746
85463727
34731646
62047821
98364504
87651717
48986300
86480279
19241652
80924358
58415881
51391326
55251335
12658962
28371177
32185316
70010486
8518065
9995848
91069569
92786465
42023508
30188845
60998197
46804600
17046689
91873880
48196707
25667462
98161997
1996010
66483398
92492017
21342957
38896499
42706712
26056314
53496960
6286318
34722765
86328962
2203179
78909480
32971516
34906639
77713680
16288830
21505622
7408949
49194276
50943762
80184253
77057524
89602905
32856985
50354032
9325777
99289515
45427222
49198699
20317614
67286017
94078558
44206257
88280701
45874423
60370230
46515484
67073042
75020409
35453816
98917314
70304909
18232998
96020970
15307845
53720779
138980
93060452
43058519
61006951
5051490
71173032
23061729
55644398
54745684
54478007
8298911
43016153
17133601
39663394
2030580
69812546
45913361
83655890
76747963
38721266
87912715
44375606
33493752
98545950
11269433
84323908
65456932
20281607
7353543
68188267
94383733
56977334
34898530
27952706
69238156
42714400
80077576
31519396
68927965
92046032
61066874
72865082
20706635
90914536
72065426
77272735
51809372
48583650
74152728
99622815
49804479
5613585
12393128
77150268
66280092
84806190
39934799
840701
65232254
33061716
68078485
95427077
1544995
51313628
63448936
43636024
93404014
4247947
78086549
79624037
23854452
8511747
93147818
27619851
8303991
78439724
38387367
38728702
16185926
5087357
51104908
95089130
63355877
38750345
26456198
46465012
13649380
59461160
61475799
84204394
59877429
46776585
59478437
44365760
75771724
39901243
97095100
83263694
2878313
62930479
87556331
25050782
67320649
51329259
22634117
96125753
62100303
89972444
59789617
25768108
80056943
91177555
83003382
38361819
40283215
17151446
28098108
63089990
76217661
27832473
61909677
39330226
25368953
96332977
97227371
12746712
19961691
73211353
56135096
49414288
27499280
64292860
2797216
71246458
74960896
33928507
99961158
59998589
98082464
37854686
57546818
60535840
96762906
54909617
60395504
83878412
73231365
17221685
1288908
51753561
39289250
83310211
26413475
31320529
6214901
93405266
9100694
17528602
73021978
56904560
67818447
39575382
82282205
29898679
67439752
89663113
35136903
10604780
38449732
27936571
41082099
36198125
77335977
16110903
26639593
85638678
8101466
89403723
77597879
34401401
4503917
90363295
80469991
58035108
44161717
56370292
85074098
59315897
43359838
30715171
91331620
12344150
7046690
96509040
71019309
76935523
77129591
28414798
69739291
92912094
37982977
90928963
80171828
18560562
57952021
62134488
31890690
34713878
46431912
36211851
5530606
63669905
69413998
34029103
54275861
4090353
1006576
41749759
29167551
64294839
44915017
93696779
5401498
50771333
64169230
59472955
65100793
55894904
1287981
62776599
3890680
97997707
80282971
8361404
37803415
3475162
91798803
52368895
78178397
62483570
59480453
91599381
85995904
54907125
44691078
91882229
16059424
43701980
75138748
59443405
70534341
12102992
28657682
6035943
38296652
21268081
20742338
20963531
65711305
27242986
41774244
92222346
48255986
96522773
73467152
18202045
14949338
81219789
46350598
37109400
68841726
71979098
73759298
87409675
84628042
22924319
24467813
39845872
26870742
25638368
36028744
38586609
56639983
71819913
39922638
95822937
51627387
70138969
21707318
66258669
745603
70759412
35157893
91405599
51322228
79646155
43664192
8143817
56957456
59026753
78823157
12485019
58317893
42423942
28058377
20674135
65329544
12236995
92897620
10621944
55709548
4748481
24216944
66781091
42553951
21868939
49376350
70055035
97034307
40312983
81103854
162880
45635994
75928396
34240708
3608355
14931353
87215643
58112640
20074811
94095784
88373590
17754895
22107989
5841964
2606486
96982524
67519406
65525199
27070327
26709646
74188746
60443519
84769713
54703873
40558033
89934522
51448940
27616790
37515716
20384640
10816702
80040499
75003695
8585400
41017697
16008987
52052691
40949895
4312789
29730472
13940991
72365924
48889579
87503640
81110569
40504465
61378358
47749451
19020673
27568475
55274940
60040956
44957717
87766963
47563932
69700917
44698217
53657264
68003269
43897690
87349535
95683526
27641313
17518254
99299253
37622810
61905334
89849573
31971472
312458
767434
46480186
64042272
88186001
38887544
59165257
32100596
43902911
14013417
66448365
19733241
89694184
70826782
17730863
25626163
77197622
64867280
34242879
10402967
10525877
17617188
17179806
54247277
49551596
12734267
74784967
16807302
53589253
5598967
26130229
43624081
51384323
47408721
41244490
88090630
10010869
5892987
77179581
848088
39460280
44659857
93850262
72451133
33138149
70887804
13382304
16740569
72403667
74092385
98625471
92309626
38925932
87513298
94296742
73273698
88454435
86904531
33028944
10286613
28223992
31767060
9341217
20168027
97254183
20966830
39506447
69473504
70837988
84322895
93846656
99853262
7366486
45417832
6628675
37550179
46497013
60883130
63661140
28937826
42619282
999574
58484774
97016574
74883041
14520502
38000981
93656237
45607151
95977683
58860639
82095497
33664390
44674352
59722421
96853209
63010777
93459740
40581028
94253903
5075378
1399286
55498074
49194568
38586587
22938355
606646
77515578
45441417
82793094
37920194
33764470
10103820
49489698
25526569
11896545
62306634
23425308
7736730
42012693
37980519
25803335
50321360
67889547
95608301
73955149
54291498
77769941
41013364
47184064
85330104
56299997
7119708
31657064
15772220
23694357
52117205
63293816
40413953
25838563
9184880
73685122
81606127
36291037
80467167
49301318
22918515
32239717
37709671
38871390
73361406
72416534
21768135
46857824
66128575
12042930
36050966
53033350
20327538
48575946
31263722
2773562
94524231
75780044
15741261
18879105
99883589
44258105
82932887
92422457
62764877
27379888
55820663
56435210
81900782
60073981
61962766
80099413
69815989
86510680
99035844
41225986
82544407
31564501
10230394
27286324
55302431
77839977
52453768
43937581
59683460
49545118
80580675
65725463
58361799
28376692
44938038
84791208
97867463
95584261
84237417
93055156
31848317
89950381
32557470
32048103
58311405
24138913
73320648
55661494
10058596
76775936
32795198
20056691
88994824
72095143
9834506
8954269
86788446
1331608
50527049
22085406
3713944
79287416
81258869
87184075
34707099
341316
60245248
30958071
21156786
66771793
7466126
36353823
25730502
41287278
12118632
26316096
85610931
27544236
88710937
30021509
2487880
7685012
46696070
3590633
13420820
11011873
21107823
69766004
65616681
46887939
58522455
3824290
98647511
61459027
46820783
86043449
47694159
79129815
28021680
22093542
80551838
92321972
58987476
49210168
10541912
36353097
19755719
23103226
50047156
50010868
66535152
97340992
80724320
55832832
89752279
62103354
72210092
18306693
62982595
41637784
84744266
16792347
71407547
41349165
71856141
92731157
28287210
30582058
41560577
10230547
50257154
60634081
50225134
8408537
48190537
23993768
33431799
87433082
57859526
14907157
2662492
7650987
32384844
56850829
60143491
63775315
91627722
5225045
18405977
66553661
32905849
14699746
84881414
52028603
16875278
43348574
28489632
23719200
28950200
25223710
5076973
17791137
78395512
70514053
42086819
17483316
18320170
11552077
59731025
16197580
5531325
47606502
2664473
50521204
84695302
50489184
81217757
34619769
41663749
38020768
9219835
54869279
37885001
9059310
61165277
95145862
75916934
38395666
92532418
59689581
72743798
51910473
52829948
58237737
59129489
69051567
51713327
48349277
38870114
51430873
46330234
36579249
95424678
19148296
86683043
2287510
60068173
20595783
68359907
57666003
73940755
46866794
46152144
83997641
64504090
75879197
67663007
68323683
22077825
35215977
77305822
1617902
29241524
57896615
1004741
23411807
1847363
57708713
39185687
37071694
48303721
37408600
52044208
74937197
71197510
8898831
16561002
86727183
7125446
28178554
51723129
32938151
98466499
50151670
30938914
93841752
2010275
95828035
80989740
12810898
35553365
33849192
67069986
48023041
41656006
80823179
86113403
83431073
52037896
89782671
60076503
30894037
32603585
71117694
61873094
5561424
12056458
54350293
60307887
40985221
62782485
21416007
54722987
64996668
96416109
37392368
96257409
2372542
16840547
2421955
32270417
81092054
8576681
93706608
39857736
48803319
37854744
71560878
62768134
15651810
93694286
56100617
70975384
39099391
85229941
37969548
76981478
36137022
42164465
87711890
81097441
18596657
97666353
3645416
93218206
26068082
68433122
2936468
88526611
193758
2775012
54361856
45727216
37834100
63510807
72996194
75669463
63485712
74214481
56214212
65849951
32786510
67165062
45132285
22412887
45762312
49678737
3669120
32035059
59676543
91076432
88808404
44086039
36826731
24885982
9791768
52612627
52915849
11821956
24848080
5653580
4068993
235313
49995467
30324265
8640626
74619884
13821020
77962265
17366563
22117982
90674449
18937618
10500052
93116118
51662014
23787711
41013384
91694646
18648827
95085287
49873417
20872447
1331723
65223655
35351773
50519368
29500522
77938400
44053287
27352097
51996988
80874126
48638669
81367991
53793361
31254221
4232604
64279142
52161400
90073879
58877646
87858964
3158606
13666844
5244975
52076592
71020716
62439523
34748375
40403283
99826757
4987218
61531550
35744844
34267314
61998585
3029119
91488739
12476693
91442146
18203178
96650662
95100299
16332365
35018181
56928169
98317007
16723128
95496067
69146314
6190836
84902901
65758186
28180769
47899529
3713021
79582513
35298460
21666393
57444894
57578844
47804246
29036361
59080359
95512133
36472863
71366222
48510957
92925290
17009128
22843250
66428575
3428275
52013336
85639834
70511851
65208680
73085667
91998704
41000103
36712556
74509549
83879436
46876999
45966141
92703713
72067418
58813645
12716389
27296257
99504535
28885095
98654236
16901447
31779388
93391470
43415974
92959988
63823449
92743332
80699444
98647212
22387322
10756836
59173089
47170333
31033647
93620628
81615429
76526722
32908413
23977790
26470065
48583817
76453968
62486239
48162080
57814
43785835
33807226
23451124
63721177
30408363
86130217
49835070
5393282
18204528
42978531
86402267
77401127
48675531
2831292
48312360
36405637
92579012
1399200
1658235
76337990
67556496
44696000
19498096
22167737
75116080
54495602
73264263
141160
59317640
20722241
12590750
84854710
21267773
90804991
65984077
91615859
64370083
14356332
11306401
6837271
89130853
50986807
14153801
54065085
37419834
24484893
31844805
36500812
70354986
19633783
55529667
56191779
46535296
2061451
20882608
3543095
22634885
34707636
33951734
67144142
14406114
51328731
32695477
49893467
11954932
10885373
77442478
62397304
13773859
26330470
2906228
11343395
71220961
250255
1639736
4537722
7508667
63653066
1781322
7532620
26165691
87006304
33208592
13104970
99323141
31157531
73287355
95993738
24973863
31576926
3048953
22882688
24973311
38350335
39690587
38669447
77399078
99420009
93150481
11668336
46275687
1574227
68275179
71303508
37402846
12504607
18390111
55454578
30676435
32350706
34508634
60816453
60577145
12875181
34627632
29326195
87040868
46554146
6929165
55368444
28233915
96079028
54689927
58213853
56207565
22866890
97057285
16619369
7498906
75059290
6014735
94644376
40581417
81144073
68495702
76317098
87004194
7325253
44013351
15286588
24110798
16242626
61586655
74862026
28373652
49035947
13417690
2684278
65011680
53468770
65313075
12562121
31893363
22578943
98308801
55213257
93195772
22835424
14680215
99476375
14333679
93274808
9837041
3552073
6077023
55215438
1783058
52655126
75886584
17881623
83723118
95120720
95279047
33647258
99000691
16217803
67654378
86672093
26920824
31628893
27173384
72615803
86545894
37734571
49367122
28877387
22419616
91594218
11784717
81186284
92413636
77261396
54659006
8034810
9720635
46777906
26423581
9651094
58542362
4174291
77585087
85467046
6148486
31299876
74155868
47540178
64662902
6133383
59616874
3972252
96453274
33125654
29424792
53581979
25664193
67273342
63715521
54006645
73401632
21613799
21614624
54336082
77874247
49213357
58265241
91216213
63343162
79042301
8486092
89875330
14835252
43999640
66730544
96876281
85567182
29994545
80435950
48083751
59657232
73669420
4853925
79265064
64433412
82926091
52099488
98573317
11121580
12715507
45114424
96717364
92606317
52138839
56528309
35677007
66416870
61849125
50374211
28576213
43793927
18047988
92074799
14353277
6409724
84405973
46477225
5046770
53045937
91743233
92933138
28171768
81917646
45692382
76515974
46674517
50294817
4086338
76756187
28087353
8282195
42391285
61149129
71652660
24825089
46866710
62674967
43965165
45453620
20415024
4541297
91646880
9545288
57525583
76284449
7859192
52223955
24797035
65532725
54805251
36902411
4659337
25105068
82288532
78639482
39001733
62098955
21609941
13279043
84142703
42953132
84745975
65342674
64239480
1761964
6956000
75360509
3830104
55068324
27523468
24021672
42670575
15130331
93163116
73957136
84417158
54307368
78805748
21230507
61897198
74666773
16600814
85019121
65924869
11800476
18310266
52361583
25117723
60947866
99634073
60942669
81123691
54452353
1530746
82748807
90741726
34896619
5870647
43850574
82223773
54731235
83394716
99319233
5951839
81343118
96894051
1270409
92166008
35096433
87828634
69524250
61975146
45735548
38258284
19839971
53996287
3356292
5762434
43452635
93575676
18378684
8597033
63421381
31591474
24206899
79034142
1394533
42633166
26303762
96683156
66297661
20578915
32308779
35326387
67761734
20959998
51587930
88023776
24610654
45806898
336278
89997381
13635970
32207039
4512361
81742877
88067831
1299720
43369565
72608603
73014580
94804461
77276169
61806331
4880953
22801207
77579751
78421688
86217627
66852375
2542091
82033362
36218163
36471739
65326303
47559933
15826071
31887417
18203701
31685513
55129475
98076268
29853252
95874648
70387808
70356588
35690128
41501198
88772964
30147922
41080908
95344485
50355657
23254930
18211414
55648066
5477795
12082049
59497218
90977097
31613591
12457144
72130403
3304739
68282980
94050912
86546837
71797771
59527893
48730216
92620324
80859837
85700579
58142981
8120133
23304416
34104706
65973314
48279769
18875347
7208722
64710420
46823284
92083986
75867655
77710230
7077882
67289838
83575835
54911755
48777169
79526446
95959042
56480904
34666690
29141962
68977411
39583599
58924478
96496468
42387093
70386112
28155626
61373583
47238469
76467191
80407766
46670296
43246909
1343073
73780385
54451324
84209463
37292519
58541103
54347331
30129209
19495438
48267500
14006229
76870874
89513505
60950681
17500919
42293618
80041202
92543680
41147872
76213176
85467692
62296372
32675841
79468208
10020561
81599897
45375659
89591393
59776270
41905536
60720076
38608390
89134624
25283273
16890720
98550848
94437448
81112503
62393903
44917128
76425991
52805338
10041944
57888831
87600632
77230176
96836825
14760734
93238689
33565696
45320959
95945577
84292350
44669351
17804297
79711076
60286252
13079678
65901483
59751189
49544920
88927409
69031410
46658744
53616955
11294232
23922773
27748937
56123351
64379762
48915761
96193516
52548004
9099261
3986219
29587430
92142127
60056905
81398049
20413967
4759971
13505779
5710461
88368328
15883877
36474163
13639694
54392015
84536373
30518270
46998097
91072385
81113503
57639444
60151969
39176153
96581291
28668151
63133750
21593493
79654193
61323215
22014204
63970058
41725278
62759476
1794567
60432842
14760860
19289296
51035461
45852802
27175293
1043861
79029847
51835174
22238584
64046725
63284049
80221121
65189063
39367981
2308466
82106927
57835823
66146024
82236115
75375667
1727426
95464505
75556058
12329409
5897552
26243770
91725021
57693748
36005623
17630951
98203296
25917576
58999488
95515414
9452438
33597157
23670023
1814848
55308513
21597551
69966856
52154450
36575046
12014204
38570628
71726962
97816036
44771670
26284757
4911895
9138541
75112735
60426061
39648404
81988843
23834065
45080209
11429545
42794865
80063024
17482810
92602552
56129632
57803409
73295660
99744411
30949990
35881177
58406871
11614099
15508803
55896697
63527134
29675326
5883792
58002630
57678970
86037298
89713813
40426735
27265840
61963446
23588685
66825239
5908550
75234024
49941065
72072737
63891762
65723595
14384076
10799037
69872383
5145593
64533374
43853656
83994184
54825927
8804817
94941947
82945065
56981766
52825306
45864586
6889024
72523077
24175753
85094928
46643177
74708974
57389570
73227783
94234583
59697195
15116954
58871316
41720370
32028155
49080788
67071998
5604675
98026915
2142285
23891247
33129313
34526149
52572803
1380319
17940533
16736868
59581155
10137259
25694328
66302523
5937967
52376628
54511491
75546963
43426798
23540043
74349950
58524040
71090867
48848857
95454568
11583560
59626009
95620780
88092330
7457195
52020433
52963808
67956370
94270848
87947410
56610280
94262704
60803522
11229263
56188097
19110235
10923296
59098098
39406630
87782292
54954085
54114512
26029050
64322121
25340783
47597201
88691541
16477771
77322890
55161366
98056045
83374300
9322607
7454866
62003363
97310994
66500658
34546297
20717855
38584445
14246195
33319227
52081640
54704613
44697438
36539072
87608429
78978397
7358455
46327600
98476208
28229325
37365604
8458558
90634027
71809952
41964616
97244668
44800293
80092506
80045705
36757608
90262556
14147031
17777815
58430295
23739218
1819533
90221511
14533044
29584
55844254
66282858
52261538
47345927
13379472
17796927
22691795
16335252
97411711
68360575
89242953
98128527
85412145
43998881
13101151
67781899
6105931
30221056
64609456
53465470
3350122
70757842
35919977
29410991
52778973
21356917
5502289
24841556
99096433
16316138
33704680
95679099
39746822
24174522
94076439
27943010
76374162
91308448
14661764
87993983
74267721
93826820
70346264
17364064
36600110
31448523
24331989
74217299
72656388
39397737
45091673
3863640
2809358
29033403
17760682
83702822
96215365
39472159
31241132
98312724
9437175
6878785
5251802
41509118
3148434
71484214
75823563
61492013
11599779
17516387
24098963
13553814
20139233
71475277
30135162
82825197
73666688
18485140
42491010
61852151
53206077
91704687
41269559
71810872
55942553
24014129
87193969
93950621
72230065
66282868
48888940
45249964
20551858
56901530
78173076
41935478
15823901
14728442
38752078
24111220
9372105
82039905
64648416
2888916
61012584
96137439
71573564
69163536
64096782
24524801
59675154
20405265
75783314
6490638
41854951
6626823
98104938
62044599
35745381
8551799
37256151
44106606
25131441
73696251
75589197
19356129
2470839
97685383
39703448
7317807
14937489
75951753
32045049
57113527
44421092
27852205
15799860
34507212
65719496
4561328
33296330
69047058
39378325
33782076
79979387
72730099
1616143
38237461
16210523
46656251
1856547
58723345
36647072
50465420
24473567
17571032
55220830
78872875
75193983
93855733
71896948
11788926
28396859
17801036
80570972
79628088
58082102
72058286
71849156
16813334
36758745
18167945
68430336
60164994
67408731
58166894
52447381
81629886
40433954
90574442
61677392
56386886
3360214
648988
29446356
37487068
41341741
33737664
3041700
84119356
93100102
91434360
15585395
39834748
80750844
40427140
50490456
88383263
53446271
27120166
41352741
64873671
55976218
49496729
44035279
23127646
71474937
74567726
32250690
67150548
27865553
95274681
66570762
59314917
33256295
71735571
63549508
17052277
20820225
91068825
41246757
2572048
19530236
55460371
24697369
49458328
63983129
36098539
46466540
48657169
33491960
72614312
75708634
63505103
41948532
95173230
50942872
41623385
58706092
59434423
54621871
85606239
8261556
78530907
78235864
15393638
33929183
46823171
22010002
5147642
96627033
32666777
71479747
87454262
77588788
9097644
76583792
14378674
90130118
54473642
33074283
21918189
70392541
73746610
30198387
25013126
52310104
27199231
53535730
77662529
20782093
32129847
87926750
23537330
2401638
78149000
45868716
33809437
55382667
34691016
51167832
40526220
27703296
83639469
64359529
38134438
17351950
8734210
96879102
3017192
50254965
93595429
12208253
93222440
97482055
98044415
32315193
34586437
4035214
15711397
85437405
32847547
9539609
59514006
94507263
27521290
13414406
20335006
88275342
65779600
86982335
11706638
47199427
57796869
22708069
99091514
28395153
22669489
31326336
95564233
45988718
16514598
72451595
33055709
34848489
97738478
6692089
31591478
28184058
14964590
13286588
33374677
75590219
12710034
62543412
21035751
66997774
22016066
96363185
19006372
43512525
45195056
55382559
73721317
89677966
87830114
10342515
44799472
76556414
12864339
87143473
97287149
20530798
27746009
37731526
32730725
61597441
49298570
17211648
65087730
16808870
71371481
58199159
43960502
95731785
89351829
14683421
91392663
71903006
92206871
48922503
70390686
9153633
18080453
46158091
69941086
45882731
87934092
85066003
70305554
58245010
29017758
92108642
24870771
41967018
94753240
66305764
46984445
61491985
51979808
15927860
55208310
49025871
86451642
37015771
35656351
88657373
37238352
35183764
97555393
48621210
87934161
56403083
30837132
91256281
24271275
57116678
58091106
43083250
79232174
68328162
14368406
23888124
39529787
6294893
84852466
33155686
27179637
21040859
35252449
72956293
22246219
56349854
88224288
66395689
19798755
37378226
15367655
33271496
75821824
40903252
56899478
32019006
81102046
78124108
95928632
44943773
3326221
34451069
57046406
27534620
36709920
95489109
62448547
98716504
67660901
17940985
14287051
24197186
90312465
879166
14525644
63399068
48226489
98683079
98593506
17354941
3478004
21155699
12848543
4149633
13974326
21959661
71450656
92111457
44780864
56163141
14371309
92653971
21224826
72244922
70298897
45479191
91132139
20866914
83083224
87213866
54474222
96118138
1524833
25711274
37820223
1460983
31502110
55517342
98866853
80643160
4636122
30681960
84819968
20278620
52607088
5755968
57441731
7858647
46190155
13351985
22910799
84807617
52521177
21444342
1058925
32447696
15942186
34210964
78673017
64314387
23031143
94807611
10597257
7615849
59201444
17134939
69079522
89518325
69489014
10488450
42833295
79561815
86179336
19130472
2984672
83545288
45628411
87386505
89135180
12904394
35974964
1541363
98917160
35811957
40042407
91047818
16568159
89108595
54185569
99584122
42683637
62128474
11503709
44907109
74852954
18131033
89185928
12869116
77273188
83486744
35532805
8882583
27313513
14806412
5380166
46855542
85020996
34566149
3875049
27940171
73098619
96935995
7137763
38280774
63976907
1553505
13805806
12715682
2906896
81800831
96327530
76864480
92994211
18404695
68342087
42795379
2847711
45577850
44956216
3765324
34484074
23424115
51614344
20177845
10775312
45736348
87821218
27560633
80453142
43421308
70517137
55397418
41516689
23249390
12449609
91737186
12116829
18184151
50663379
23683680
78845469
3266247
54465592
53301420
85672755
4130004
65019748
71178605
32593534
43884899
8628094
95564358
35882532
83779010
28757437
55580275
34465611
45962692
74496542
86487802
66687755
12579025
9390493
71106971
51445585
30311011
86235461
23233593
74027049
20779931
6314592
30325443
98563152
31797008
4950931
96709883
28246156
38688285
96100221
88143529
58148912
85009900
37729672
33708500
96011454
15324445
20047838
79256029
73634638
25177306
33486247
84626943
72820257
95972239
5815554
98443138
46645667
26316211
65243991
54340522
32569320
67848986
50483475
34480621
79340579
91821028
65670515
77455344
20174681
1562257
1367106
89794119
11633000
22221142
86691056
80978877
2961102
84657450
86035492
79949223
96913946
16585001
43318252
24597460
77469009
87265153
14398245
98410007
57783483
55529887
11278153
70059894
78445942
49603084
89662868
77507621
59864035
82630544
96686892
51178852
82825019
59946918
53415392
18988460
61018421
73123037
19026042
55856964
19437145
82954521
14330486
55180842
23987990
3364037
68808117
43636928
54885347
12337301
67729799
72851906
37137045
39790006
49291003
44223954
67352331
79443389
33397813
64486768
36773607
95499011
19480379
96623720
18962044
10103815
14017738
86958734
27104240
40298003
46452346
94142559
46229609
13104643
43381175
2237181
6148494
10950568
8581080
18649968
68878530
26842609
94345746
44881381
49615963
44130848
94287732
1058596
33423836
36414845
1862706
69743238
81315206
33540605
1943980
20675195
1855623
93618796
95752691
43345253
29453649
75764910
3391660
34867880
57856998
23138381
91803265
33069451
61311431
16400081
53100070
96727753
22901900
17735420
1908867
24718430
80662308
75362678
93163696
15441407
77472458
91088779
10722248
65778323
28757167
2682946
97597203
97129792
41742922
72045992
27000006
19883915
69333600
97537101
18402482
54612890
23708827
54832681
61870191
43209110
93268302
73722741
65951967
1158611
25929515
91038439
64236628
75553097
51212541
73585210
70420763
87213151
72723891
78517524
6943038
48904543
73700882
59617924
38527729
35053605
82545262
87952138
46179873
94388467
23255399
99035949
45770138
62649272
89930864
199708
16326716
69366208
75389957
97801892
67195904
15861901
89642715
49314035
95753968
27757159
24285031
86580191
15335287
63478274
19011526
24715034
51139023
2449523
87085789
41001499
97927145
14698124
13902239
80596620
83694307
89972594
28852011
32917291
11316737
86537577
80827595
56427635
2969156
42978377
31931137
82557038
16095497
75133023
83438012
83502812
89055157
25469378
91371375
6199002
42841186
11605602
76251942
59268154
48544172
63316393
2230976
25196332
48800865
3162747
62490272
42996339
28716697
32337610
24202590
64061498
73859600
94277980
9755253
88567115
53025307
53769438
53288846
22632991
36638722
45251312
67743783
32232128
3337414
51169758
53069904
47787134
13012373
18713871
74157566
57339410
35228269
86412659
85569017
5220979
15633039
28515978
91649854
35854051
72999595
80664707
1871502
83982080
83297071
1002354
60474487
82552600
11781847
25405653
43022191
72248755
87223357
19503102
65334161
83921241
14435819
58969913
24675908
78547506
46765745
12084373
62436488
4734361
8130519
74833194
93600033
21295386
83649203
27502242
23816467
25325465
88079792
2700478
79595410
95779258
46746170
53817411
64139888
73891699
23236772
9565932
9637875
99472310
42853839
61647530
64084934
22509183
29056635
29155522
12715729
77261054
64023320
36352085
42141827
86305599
25270223
34216605
8756377
91466168
1558849
64674568
76370171
7219619
80914918
11933118
4715975
54060099
35175207
97316860
76112037
41086011
83184387
62231447
96731677
68275394
3090347
21402853
86000438
36259292
50277944
88551199
87784530
14564119
83777160
57322927
61650271
60723408
91410183
60884968
68072894
59280422
67056624
75750559
63219637
58877035
98648543
37889405
58052378
59326395
78098550
46209660
59058640
30740030
93582178
58215245
8661843
33424413
13886612
87181834
15435154
44349335
97990305
75201579
47762516
3004078
76127191
97180927
33256068
67443385
43161854
91865595
57113113
18597805
52499344
39109228
99484292
55519852
70671351
56447846
71171312
60657062
4837773
61302630
72498761
92407563
34330426
39697976
18946421
84831072
79167869
49400631
48337272
43704067
40979305
51290507
94350056
22162482
92388220
43421840
9720466
45396519
94190594
42768189
5345530
3686582
61535097
75268778
16271890
32697837
32634202
46665222
51789348
13152764
38555976
37190453
90698671
29728336
76853802
98762684
11112785
41730715
52400012
95357997
62491733
59789360
52201051
27164470
84210799
85691068
93145161
8056765
98716402
12744138
99704727
40231019
59346155
31859024
70631376
38145025
17300941
20517975
33212362
43760536
65380917
47884315
2536552
96887730
99224639
4605580
20006416
65118396
97268777
5325682
11647550
22432153
44229962
34690989
9402724
4338652
23073386
86666713
38822260
9700257
24683438
88289101
76249453
13709136
14718959
37600551
73837661
66890608
63324728
48914851
4945908
86099344
22789296
79500823
15346049
69746128
58040838
11659633
6923364
97823593
62295163
63794597
75088741
81741595
96936417
55277552
65769710
22350936
5819012
11143892
86140569
24399172
71561104
42242817
15423749
60487358
62766635
48361210
2008306
48012113
94503571
42793221
81004285
46130534
40729288
44778517
44127435
6712895
87166935
86281711
52866293
55715531
54066661
45636547
84820465
85711704
53272453
83429023
60631527
75745086
47378367
67025161
53626382
42161155
59137749
70553537
74560277
34112609
63368654
53738650
36110484
84201780
1594706
5482791
25192416
59248525
10364217
86350479
74679986
4009236
3661078
51193273
53700971
4397437
1052281
63160459
64096863
94536140
48909115
48921617
16017677
34077305
33032712
94292097
45055799
74269509
72991389
88869679
8452184
98323005
73201908
7693299
87709576
13755525
15002176
82604429
28066205
33927301
33996254
65315749
41286509
85821784
7124925
58601662
51465058
26281972
37122166
44193378
66673750
28886529
68802428
55366482
88863065
31927798
95976816
80602130
86444342
34477154
74980342
78237137
28051371
88310409
70752161
48656311
99113101
10531515
49431716
98036260
20820451
44386877
40325086
62431534
99618466
91282239
86877665
16115693
66288244
35681857
25236720
84050929
27281867
76893847
47343289
6427467
79474511
50296133
83331056
75417443
60993779
47197421
77378625
73068172
82692273
42519985
32724500
6916230
63937582
90344324
43437891
44691141
79824108
60204133
91347406
62406023
44354978
16745623
79277794
9704160
64126634
68517975
64078613
69245783
6692991
98351913
48516702
14273448
79814934
18192025
94910014
77769389
57751718
73724003
3212314
97363523
19067405
1662909
25104724
67456902
34932154
97506968
96125810
25397476
67203691
34463773
5984291
50801427
39693368
22894195
74903502
73648067
26329620
74376789
79875757
26286128
47201015
58321217
83528279
26460663
47028713
14974024
99853095
90666281
87670423
79585502
30812577
28002863
97277290
30971974
19499424
41454041
94024855
50988325
86584827
93708241
97279393
71054720
28172154
91508416
22405046
52914676
50844701
67482587
7412262
693370
9199237
15308559
51927780
93986359
6925344
38456591
10990753
47562764
25737935
31421026
50311479
13353342
60173666
84404024
67321062
33838093
53681242
78084811
3022175
87782443
11353165
45522982
96015169
87841789
10968879
27586561
75418276
7998715
27060136
44735749
7994966
25271756
42610673
26228641
12564585
54078341
91256385
74259869
67019087
78376903
16775920
83337604
13947282
24900342
80434939
13262591
95279614
22938346
2491417
46620748
92854651
98676592
49258712
44828222
66934759
54307582
83613454
14992988
38201071
14299259
3269281
45096651
72375655
64422930
55689025
26759712
84000537
4203435
74372023
61349429
64506475
19878869
63959994
15464647
67826405
2937833
36524500
39703144
93505871
47920540
64905188
63798832
61180716
93414297
6190378
84586807
72140389
59077480
2392956
75934994
32775490
35310720
67431798
30952380
37753183
79282930
16180845
19800112
68753637
6489882
61656652
7899717
2792207
62456890
42716429
78553254
4466584
33624578
97430416
16113577
88811043
29387919
9241262
69600432
83056020
93425561
97556712
11200247
47318026
27585005
73166052
66767990
76427268
36819845
64360711
81395589
52267176
93147533
78435863
65594063
4617235
80951888
92658871
26812888
98182518
76600780
71337791
1253030
20163910
92011019
35358930
78164082
4539225
96649327
36399800
74637768
60237293
3536601
55781962
791053
37394930
4454882
55506413
33177797
45341479
87663409
64629210
10790931
69839269
80458378
8070504
30104864
9152085
76028170
90914483
13296880
76678649
31849117
73605047
18199551
7565235
21555120
28283865
78286400
49606482
58838331
16487146
37444461
70507287
42546785
63466677
657102
96846495
66114055
26123233
94069252
86320972
81097227
47617061
45704072
25837374
97666648
94884759
48523321
89099028
69331712
66031135
74795431
26986219
22142852
50288095
17443350
40005043
74011782
63802995
62407919
33645637
86508971
81227347
55629992
69392176
34703189
14452738
10566252
80477269
95384725
50515697
58391503
98528224
54753229
34596213
55866878
78987333
42659858
36822644
88315956
41161821
54547964
92785801
64754225
92512738
47357541
48631062
76096315
20854052
752319
19452330
30214136
67435592
12829723
62564592
32337905
77642877
10282603
7173999
13729905
66893628
95937830
47919929
63004281
50246251
58534180
59089395
37614510
11046355
52594728
77845876
87700233
32078778
12593855
29181449
41048266
58007745
41443358
77534739
78754815
60965480
93962029
49235596
42080674
28165627
58533611
38128911
44420427
65162878
88572587
60428401
53206032
47755860
78233236
50434348
53373121
88684636
2318387
33796108
65828011
56621154
73394168
17308198
11206082
59513830
68998661
65381237
5954652
68658147
45301958
86986912
69830919
11318047
90389995
1311652
74265524
89197044
80361530
41300035
17609193
98756724
65926009
56900637
94674027
8278504
37941776
38523083
26126426
95555967
77942364
54821052
63647291
62185735
68751594
6428292
14708754
85357616
59131528
35269300
17000533
97031026
40042207
77185729
40937085
7486449
40137125
17657648
6231326
68844495
25407678
83848262
70270599
38444515
97822036
47237911
71709370
55382382
13744178
78051935
93134664
1789433
89641347
74076285
35264385
27962449
2854911
93910166
79138479
9182314
45380234
23247578
40339558
18416668
76205045
41952545
47047157
72537495
9014254
9420863
70841432
61350357
95671596
52635105
54756637
55758827
41728773
28099975
88717909
52765441
35520902
52249973
58273913
82152529
52425084
45957163
88933414
47085098
37835953
67388660
88614553
70415993
95528635
59255690
61343005
20706480
75914321
9891969
12552573
99070861
88881766
19414600
94299349
55997379
89351226
29271915
59480899
93086885
12985894
1050157
17083341
49212872
16300675
63451574
55018053
39889444
94087193
208724
68783052
44788599
29861943
52114277
69708764
87468370
88130585
94895763
78011607
69923116
18397637
22054247
91172939
3144019
47885712
14605803
27459494
93363229
40429642
51888558
66454935
75942811
3693501
85210912
71562119
16408062
35033289
88673801
66090737
27225433
64894698
829069
43869415
7327704
78446056
17887919
74644926
23628313
19777415
18407429
57280619
49537707
84730144
69508463
35368324
54496854
13179343
64977845
28970403
92642076
75766636
34527265
47495085
62071203
73917295
87827392
574866
93175544
50791234
88285908
68524371
19833546
31499015
64799789
7499594
95454499
73088997
41242750
41479878
59988917
35480875
32397544
92895429
50701836
84671683
44899389
87713553
83623660
53599021
55544307
38602838
33151461
94151833
42521443
25409146
79473540
64009827
74904760
36884582
6981272
96257814
11804519
20709118
54725533
60918535
31448454
77715948
52698486
4073169
44783699
47096093
72992022
92356296
55320285
22249937
36338294
76464063
41008419
4224033
50025036
94385511
96119491
3715448
40253636
6363127
62174343
56863870
14709156
89480402
22020597
89869073
66315804
27511014
23281125
10640744
75002578
88680388
86823604
96990757
13433330
28479139
50055865
37723133
18192649
6043170
96500428
11231169
34335055
86353956
33027178
12937031
81423728
6314555
92803038
60771277
76607860
40186420
64577366
72532815
28800631
73649378
81266346
72025173
64135425
40306558
72652940
85433636
16420884
62183043
29298761
13413240
41407475
72731006
22587892
8313750
34828511
16887278
85539924
74139282
15590336
14052585
66708344
41264604
79419442
66470995
37540470
37213661
64108764
92021794
47200154
27418913
84938720
29195273
68998922
24967860
88565700
78448627
1630393
16673880
98294372
16164919
74380292
21119114
18137456
22671522
63037222
68640226
23576842
87668069
3567877
54206576
11669766
22487685
82804883
10941287
19523493
2331959
44446574
62014962
46315671
72469816
93928498
25899490
76687196
72457861
28855695
1664779
70023790
98520728
58160001
72787591
83921749
89145309
24818910
82630030
49071457
10394107
79129385
48617512
6366577
49205586
72756346
6267265
24286766
92973110
26511377
21335855
79470028
96069708
97683645
22590652
67079588
28857513
50122870
27447705
96142152
49069581
50826916
93801580
77491806
70130558
68191596
64710932
32789511
83638631
77519255
40745964
28896256
90280300
20382427
54707688
57455945
27491206
67966019
78306801
82528741
22682281
70156709
19264594
56918196
38120267
74961262
32495171
76548900
16569983
95028592
88417170
51971411
90710277
81639030
71780308
51662202
19322401
36794399
38407639
40707426
15952854
60739456
61677901
88808779
91372065
52872970
17952004
66964184
52876820
25950930
58358986
98418976
6470242
1353797
73480106
38884457
77058789
17876996
90875332
5538551
78151262
54373736
11573933
8641725
45266868
94406958
68779898
99561464
66475921
63083429
5760016
81215788
91372449
4224586
84309506
27483578
57567265
46125381
90685177
49417502
48080333
78252957
34161439
33790233
55599088
80705733
39397505
70603358
59983839
67493116
54714756
10680139
49767707
28088284
66357642
52799480
21922683
74116137
77999146
60488361
54684263
73932354
99920769
81382894
7142338
42105175
63436104
29781240
42795224
55794292
89233112
66666647
18490416
68745767
20419683
94714957
48744595
93827348
38751507
75306707
77430880
63969767
97958866
75971198
94969862
22236424
74958072
71730771
36080646
40030998
64605139
54518351
7561470
42471460
5201454
38277025
92401007
23838446
66365750
59709235
89383031
83639857
93469971
95217599
2543770
65946229
41698915
67495773
83169283
78275494
91913285
23572975
97601807
79195215
29947421
19969096
48959244
66973399
88721872
4796710
80741978
80667551
36534174
7100495
77813604
4709739
49903860
81637320
29740373
58545159
63298111
76867943
52323441
55822129
35312819
43201031
46405637
81755200
1969506
64061260
74681379
62000590
557632
28065841
66960648
28513516
87883183
53361788
13362248
81032590
87589530
58114182
54649428
31470270
50352600
11507506
22643164
5635660
80192178
94038864
48685413
53587609
57548499
70994662
5628326
73879285
38787606
42464914
75348031
28022412
35596089
75787182
4872054
46529799
23712775
8394418
36865657
20905547
24154117
76884933
53145673
13431117
41776423
98093023
87936691
51316243
19061284
88908085
70622829
61221551
30715588
78017054
44740279
95774099
8270029
13540063
29142635
5356303
24642403
22808465
22637696
31515137
70039805
20410357
65836356
23623652
59583692
82594420
45939448
81147884
66124174
59970663
70167797
64531701
74740685
28029703
59890030
23171929
7707288
29324944
38042169
77432751
24932566
60702525
13711537
86875336
38837720
63547557
92722178
12941305
41665758
62112125
22731920
50073584
81689432
73410849
74873179
70344255
40740370
6732387
69621950
16187476
21498917
9891745
63797954
27500007
60308736
53419351
4693045
19093457
65744243
34292818
46019851
18688157
1350860
29008312
17418651
34720014
84128554
78536007
32069497
58324787
29806631
70439648
7469810
64846358
4196328
7631494
53076614
22580329
43159449
16160382
88365926
88738614
99570220
99687842
45007345
37497122
96975600
28601787
1636190
38900102
64399074
21854699
78737645
53443619
78103519
25579951
93233538
63477042
16236840
12382078
39506111
3819886
89431600
92823309
25622527
45276831
80821308
11872317
76879006
87972244
93187490
92932558
66100279
68230322
4605346
89900051
88067019
25851755
66097222
56834324
26219382
42386563
86066262
93296956
97512299
47912084
78516686
71297824
70580120
66099960
80508582
24364647
69297388
13905601
48287622
56064974
31297826
65546270
5822494
59358992
35251448
53121353
44490234
385235
50645036
10099539
76236918
99245207
19981416
26117148
64201290
32539658
97787238
32207756
13565523
32375810
41567245
38755795
51544149
87770295
94744705
28128884
98949997
45892862
39898944
70263736
33731803
3637894
33540650
98429179
78801621
17039242
70750926
43726540
73836284
35298658
31182064
47544914
37188016
93040250
93215301
67565953
22644676
9203405
76977195
90636228
77556742
8924357
70734318
89503025
91838130
38196160
66947895
33674143
27171808
29587531
37899940
78923893
50499849
59934638
26280690
4707667
18516285
96651424
47789392
47703222
33124412
67840342
14189201
98698550
63864055
88053415
19169661
81629997
86181801
65484273
95467070
60063352
78799345
85811828
52539875
60144987
83737650
16685020
56773282
67208958
29177733
77871733
84859309
13790715
31446205
49181650
40610666
5129147
6621627
17408575
61492684
55401368
55415261
9323157
5978913
74671887
53095527
41426712
91453886
69809387
90365475
45925302
39501357
98340080
82672054
36653025
57067987
3701258
10723561
79318767
92907007
24583256
3975685
28339753
7802627
77266180
50589730
21398372
60004569
34455670
7218527
64340501
87042423
26957252
36324506
13044860
64407067
60356631
67746199
62110548
93941614
55844352
77581383
40277924
46646835
56093268
33245392
77989462
72630020
70331858
61837900
17440778
31990295
82971356
68918625
93415676
36350519
55859592
26648352
2055133
95415396
37580461
96125540
80445802
36286749
25961246
23246365
47748307
12263145
60186394
24264733
67195323
26302392
66316125
3466973
98582664
63529647
18483862
47266304
43660842
89721532
33085354
15110844
62155860
46782115
62962137
95885093
81550925
80060285
98069021
99313511
70160866
20528316
91557042
46524817
45144965
24141730
29479539
37730586
88990666
3522040
19971076
43179499
21129138
95803394
83317380
17451320
78273179
53427724
26946815
35212824
44132734
42957899
95962197
58441180
61337114
94614443
2980849
11328342
77014602
72508599
34931754
57581443
95636620
33610417
31939339
96562332
50093528
67730353
21486745
38698522
30285547
97101446
64416115
72436188
20563672
5994186
32452459
410207
13856234
47954995
2497908
28498444
75808161
87193557
91792973
25378543
72889265
61782974
50967372
95998964
45157582
62456693
15865380
98155569
50843510
2931908
52634457
12032386
26497965
5375377
26944674
30170720
61279949
33157756
1004783
53373317
76392462
81921286
33980924
38650682
77658702
77937807
16373972
18087744
89383397
40709917
94849442
72882187
39549790
47115489
21745172
19087269
22488791
56083400
97630897
24283797
22995265
63127032
25815133
46388593
37882644
67651799
17141542
14921018
63032363
78879655
68555881
93003271
11489939
88641128
77861499
47671656
51790707
32064944
39094183
51750376
20052333
54460206
83694500
51768885
11291129
80658945
34258147
98614876
71085806
5229882
76682277
45436483
46259137
11033935
88219151
11228613
67711466
13154911
92011927
19527646
85430346
38248600
60268247
73635916
74659695
88646273
76777900
34910473
63491487
28926412
18445374
93596226
35736232
89638135
19927930
66121184
35639958
61401521
47295199
88449497
54675153
44918714
3661764
99215150
10331768
88473029
10170888
88152445
86948171
74911419
92608545
72706711
34782726
48701547
97147342
22036263
77911913
64985533
7489934
61500588
4201307
30883598
36310430
47095460
79660029
55659621
40135912
10036843
26015138
99909865
89505156
61657143
25641548
83708321
23545089
15551060
56711496
86965167
57449815
94930325
60455932
46463181
41337476
81111811
78933381
13130988
59101195
13128141
87378751
81144050
36613565
51769305
35887193
31069090
22842975
97283021
74967302
70015348
17906520
77206925
64052569
57943164
39572204
69778573
33033432
81317283
34466725
59616990
75761573
13240653
70149151
90586857
44397166
80476866
4219215
77312685
31638573
42823555
70794984
76126053
81441060
68168264
49085541
2646631
4363390
89092535
79103468
10810129
56490828
75311337
79041653
17958862
73862415
17279431
38301509
26547096
55303026
21242704
48198976
83706505
9044806
82469895
61679527
82025904
69204860
90301019
5858936
12045832
61975055
55987476
92199708
24561394
42452046
71153323
77680170
7097703
8737557
74186008
99894701
6174491
89754451
17977959
25162332
87730487
94135735
5924241
79101883
42354732
80491101
4882055
92512215
3117560
98816040
89518365
54547739
59209290
50026895
23140028
82435517
81295104
17688085
88358553
78758749
96182718
73219841
25595283
38058722
46967041
20585903
29639887
14929440
9133745
12245047
87605263
31394222
83345804
49227880
83907454
76985591
12307464
12637072
72522151
98863715
26062328
39657555
16484544
73578103
33973173
47158081
49791604
6308028
87982492
80267175
98981225
10300262
93094746
37044171
61527469
52651978
1121127
44133391
73558368
11876354
87307711
66825304
66322622
20145462
56172013
95188209
89195517
41947338
55245602
18595504
83300670
55707690
66524843
96773628
41240908
74594250
82680977
49351044
49210037
21141854
83875315
13309478
80223079
81068866
81742616
64543368
20615739
14257794
33870461
60465141
15906330
59272776
56593953
21517562
35056327
98492630
35770372
96441082
1405331
96340671
23772584
27010229
12072257
59134224
91446639
98178806
70559891
9729990
34846280
74293809
47533259
65778124
18625053
91036608
14446163
84315974
89742180
99397684
80239736
97697546
51311831
32634489
33265381
77746523
11130043
89636109
96813924
71551079
65464790
63799274
86342396
19258583
55274426
38116504
46888389
6471214
29676001
42184198
36640292
47379779
49821783
9118424
64037543
46326114
20724717
39028884
80634797
44173855
76860033
21962104
92531559
57191928
7516391
26445654
57083991
85921692
35989230
63931798
86722504
84928413
87285042
9190809
21511963
81194827
59676162
82561963
97395998
25922663
29287231
25094190
85831720
780062
23881123
56086547
52663024
39949206
56694228
30240739
6885569
3170076
23609744
99939732
72077736
34937140
80517864
35992440
94242513
42994225
7358161
15012248
47518005
17726129
53614967
26573428
172472
97992719
7299748
95824226
2818460
66952161
76584178
27351333
17144735
42765034
99574438
33726980
10700951
85394357
31212189
82146594
63589807
65448156
71383414
47173058
22500478
16262434
55337775
98786832
26239729
62070446
69986086
61949660
18761133
83333383
58097665
78431376
19549442
886749
28294118
18431791
25086120
97383635
93009725
97833658
75246060
29769407
18159083
43734579
96177197
43974206
53799005
42616252
7070969
64693617
32013721
71549700
54588428
4956669
93977614
15134605
84637360
30294722
38600182
3453143
33038183
57397208
3101704
76381961
47542395
8939725
40385879
25951243
20686732
6834960
33556331
62635164
93433626
2201478
27419341
59736277
22496842
75080413
42442050
40618653
23337572
91986036
35544213
30715787
27539982
65370357
99571727
38237339
23137992
25152083
23972625
38387331
28928123
92151969
6037472
84412023
48882521
41675546
27311093
1816850
65949660
12748293
38302458
14559615
71988681
12176798
49728383
3976545
52924146
42047523
98957709
61030666
68727931
11124727
62420448
58931608
90236420
52289368
47554578
71553654
80429015
94224034
38578102
3042557
58093549
91193243
25770069
85908814
28621664
25684160
45844119
91750084
49030428
53861443
62182722
68295007
96766592
45601398
10134512
47808905
92460795
66692419
88821637
54715573
89729186
61100984
17718341
67623100
11847116
89317873
49128107
29507126
2318055
61706418
5713686
20275938
99197565
55677504
92765526
65056501
38382609
92108045
23163244
78335591
1686496
98562695
12813607
56659715
55172473
38576664
73459263
77795088
67366576
38337592
50020594
98500270
84362152
40641563
54737809
83223562
73160447
54474842
9988255
682333
