24288744
9936298
49560357
64441461
62728573
57733872
67597707
11578053
37664319
77439044
36305417
65561238
1608505
7670067
78792836
11208619
47635678
21155792
31574979
35803760
38417311
79035025
77748639
32123394
68450082
83735985
22742906
91343892
36028583
56746440
28542977
73517584
14317325
98720866
62875987
60294433
25198376
23286581
28691216
83057744
93147330
32144740
38274825
50614683
53805885
58778381
66738682
26233752
56076915
41166854
11917459
78786068
95807459
13657662
46554104
77315899
21461691
49707551
56126499
20661120
71058114
85379816
79846833
92174945
7519165
12241854
72142952
11967511
7444813
62786209
44151134
94039072
31447350
33112830
78856319
41021424
63764689
67239410
41159427
94458100
39384297
83384671
50688675
25768086
45602340
27732976
67993627
22394747
5939832
25663040
12559678
72062646
79334766
18783818
26019497
9852895
69822434
85587684
67978294
19917870
96578005
74325271
80002485
59356187
5985216
45840690
10230620
7235156
57087755
15085315
29283579
31179653
45433526
56628648
98282284
65604654
83620684
8678118
1778094
98107843
97204165
91203629
94310191
29559071
81211569
5669877
48896996
39153711
82333702
27284354
87897676
68707509
80964858
75913099
17817499
42018397
82584076
11865209
3215741
24895596
35334467
4994632
41860900
37729051
11302800
78594963
15060977
41975604
73656538
33851688
53313489
71748235
22768711
64298561
10836352
27636842
3111637
74772327
61888181
82943452
94461917
34211654
54051232
5072859
85651595
6374769
31014267
20688511
53883990
74311848
57080238
96639693
63984048
73915805
71207548
41441480
80993723
37890596
72928123
34498972
57042027
71721572
68123971
17864089
82972124
25136209
31073142
88144220
13461643
78770653
76882883
84120906
94363042
29749436
94260726
97111969
81691921
27990406
99727716
37743866
72214107
29816497
50484247
94784112
95613189
19992248
98344563
70439949
11691153
90392970
30667946
89702640
71826495
71218401
26180975
78590221
57064111
27646432
15463586
6181450
91504505
37328314
32802237
56166681
88301710
12993097
85210643
27463925
87385464
4266592
86545846
83781425
1210402
61019355
45027462
63908459
7973022
45620696
99820405
69781184
61397095
68759029
17901022
30172750
39987366
19765217
6237173
36475449
81439477
91075808
21099725
94137675
14576944
50699536
52896087
4366168
14864863
99192470
66226796
764091
69442914
61771185
14529435
45407887
59528662
34420606
5064203
70445816
85665833
93513578
94697909
86150361
24948415
38446864
11879046
35630665
87208051
30494719
58979642
86359492
60570325
78388956
61252259
52293419
68127447
20153283
23727168
71264430
90296479
69925321
56960727
22828431
62223853
42437134
67470978
82752858
50214131
43277329
6957083
39516083
81943942
41195643
16092977
89995390
51535835
9771433
96143139
11462428
35361625
98176147
95138231
85775913
7178084
22439840
2693210
55592634
900752
189410
58231095
61302675
69202727
8744030
97766004
11475682
68016171
26942396
62953941
36640011
60584099
97355991
43271592
7428461
98517663
51869056
26123211
93794318
29735443
78453134
49156541
5460477
12260740
6930216
26622344
76042482
57300198
76604839
96783385
44695835
84679465
57174520
94616356
99825056
59109503
1574073
15746783
80558005
12373816
78735797
45726870
53663053
69642105
29455624
19412659
96741400
21363015
19727980
82892324
23403036
25165025
89955826
25696712
67001482
37242694
83722376
6891177
61487370
81935215
21914947
76607060
78187824
9048662
78131074
34509501
81377763
6445456
94415150
68396034
42724062
49684641
51381393
47045029
57606832
6535885
99446855
64296034
6499104
31485853
41634768
46545247
18781688
33761908
99008812
23702323
62668155
97050726
75562712
61615823
22439123
66851547
94287468
36581704
34281420
42373535
48763656
47323599
83751488
68568056
52954066
16442994
8199287
57609340
30058613
55721052
79800882
53453703
83903297
89150111
9253581
69593884
216429
25814002
59282001
92316947
77079640
63916918
8830425
82181064
54317904
88059176
48605286
15519952
96298135
17089555
63124131
27219553
98927563
51801056
47168997
6591091
46215065
45916024
24042609
94776377
32622661
3200702
45587958
13853450
95112419
44317401
97290737
58812660
62483199
57884600
45536784
96684970
10361714
8686664
42502619
65212927
54202225
16266283
14240597
10015730
71657580
34613056
26177935
89020835
16000865
23309372
48057088
70399259
62860137
17476043
9781894
54055136
65534223
33569463
8086042
20912753
38496521
59325006
69869800
53767647
13931008
44420842
99769338
80349545
65326423
29569942
42909370
40192898
30142002
42329797
48578936
25808061
86673955
73825615
67964150
6694390
91870882
21909030
58275175
77221151
9758482
81377264
49066989
75414397
2730652
79216558
11745022
649071
16357071
91447512
6633436
96145883
17081922
44920541
45341862
22122220
2137215
61061271
94182204
25116941
21875606
92613482
42120840
2230776
55939096
77560670
89550094
51193162
36806840
86135601
12484653
58101591
52179136
9294307
32470685
21524305
38552076
69445157
48754650
59687065
33042500
19562948
32029133
61230324
37846298
34504187
58843524
90671501
41565513
23623824
36838025
12141036
50969812
59490985
90433546
18054428
95841250
63991814
98016085
13938829
79436997
11337200
63080679
57565570
48026618
5338965
70033946
99336815
19273327
61160391
20195737
28410084
16310754
49810887
96746964
8224367
71110781
77023702
11712069
2309
28630258
24103998
82889664
97433150
68075082
77359063
1864873
54464303
6581332
93971524
64687989
68239735
66489396
86186299
66451161
77134843
21531753
79783303
64241655
1828003
27897362
86556324
70626019
60838819
88183155
39320477
93372668
78388954
250754
90040255
93714163
51494780
18588120
10969019
80753454
80945734
45795758
97322317
33977712
39557652
10657084
17365738
81518693
14533168
78022036
30195277
33353562
89603526
84914304
91497196
68375461
73454981
79702099
22783506
91473262
24856154
7607364
26232398
13766616
22900132
10426979
56840997
81843059
45137781
94211898
12865924
53222207
13428485
47303178
42599625
28423704
31130520
82508296
3261531
32537284
40762806
73125469
68096963
24395558
37030363
73612358
25529109
29624768
30602994
22613540
12173826
20794703
51166791
15529816
34673248
19810069
69446962
82789221
60867881
72860783
42638659
46620946
11050730
58621194
22737906
81080062
27493467
53066244
1362506
96473709
89104198
78402646
25578038
80818622
31038376
94609617
94386492
25615435
58504294
28788554
3012833
19119249
71040941
89435058
75590500
67180130
39797137
63911935
3686763
59862426
64296376
99317986
34084471
82392952
99252747
51956990
79425957
599397
44263826
11356576
92173444
33057834
71795195
49882864
8627180
83195243
30916382
90807162
5040438
82475640
47359118
40187961
43429838
31062666
77167875
96593207
60367061
11567530
64892225
47961153
62113589
12155607
86874067
1944337
25603348
8762271
24233149
61298078
23544688
26042896
38861656
72479648
87196771
5970168
89178377
933080
87668693
70243811
39172217
32774348
94660266
21681738
80975832
77924172
10441302
12206413
47358040
43694139
62515190
27286967
87215541
32077833
9745320
2666221
71272738
69187703
17423370
56329990
38047474
98077291
29753877
26593565
63901800
82154422
26376426
77537845
91110801
95409117
63650976
15122738
15226699
80908272
62785267
13072028
59717226
9758359
38387527
10669810
94648415
62344276
59440544
63226358
72757808
37346141
71165976
95656652
63489721
41151672
33458846
36571583
20626251
95552621
90438116
25031386
28706447
99626737
22909683
15839563
18510398
46765288
89775195
54755217
85669362
65773728
15345655
54734246
93069496
90284408
15644499
70915522
41878822
4141402
81925420
50751007
69150673
31545945
90205891
84159853
66496603
68071531
96399815
96944566
68125160
79695157
26293570
99913170
16397965
23083694
69394609
15053796
47677805
21932530
79064376
50258067
96802732
8285874
93522091
85111325
17917853
98748481
90864488
65240558
65469123
59913590
27165777
35567884
75757572
89761697
38137063
14912773
44046066
96745270
69510481
90806213
10898533
71699751
75992123
64720166
45128616
18211276
70863382
30678799
90255484
15056033
88927179
7048586
33677607
32008137
60342362
98637180
43433828
89236762
170962
65684473
52103596
88026627
88649121
33193704
77788051
7719877
89475643
4026353
49316363
99858385
23959316
25595048
78264949
20316580
49220053
8314160
36988379
61961759
11581145
75257835
8883364
88485398
32458224
29809888
73489699
83765327
2729252
51819099
73873189
80002018
70215856
30024641
39586080
41318218
58891088
79777343
91189964
52458922
12466888
95652155
43536553
46234950
3587101
70768727
93502150
56161437
32974783
82104875
33228524
94777286
4081372
62597570
30173311
66429366
76932295
76533502
40747331
65757714
28304029
56158963
87955837
88878509
97100256
44716423
75852188
76050890
52084601
75556174
46254309
97900914
55523016
17499212
3789008
44758675
46315606
92417101
9190466
79013342
15424062
35226735
60219544
85516200
42663003
37153769
64103221
43999509
72277359
63882149
86030320
71086225
74275909
22896304
53819611
75679102
53793629
7530977
6456893
84756487
73816582
59320007
23934806
29671151
35093839
99038421
12244209
6156271
14508948
54102323
52290654
90625929
10493167
90086431
32066858
74218643
43123340
7389251
49851613
20567794
81001032
34634865
52505789
27383465
9084603
44085983
41089229
39216711
13085842
16478974
50812523
45290915
25082924
39111765
98902447
77342465
40158459
1727685
17898520
53855123
76118378
59965026
48220305
14480496
14173729
87030009
50346455
53070336
85084937
46880909
81438089
17215530
15183824
55328754
77515600
78500865
12545994
92985193
44533129
19608070
67269790
25499629
7211442
1309870
9008335
33788330
243070
58186073
52858881
91667746
48976587
24961052
4103440
33307082
38943138
15925933
62549308
73025053
22591848
20809150
30434823
29770351
7092377
29564802
26353979
75374409
64207269
67972294
92386104
89726259
63041405
79390181
96199872
20641989
55297470
32159704
32300548
31988198
82018328
13385026
6739347
76166072
22178645
12940493
3136601
17142420
12401385
4681151
4143799
78284895
3878053
4540450
83229283
9823811
26563359
29088445
79170952
97573213
62597609
42352223
14306411
97749132
72472929
45638311
77058639
14587041
93825907
84142624
25551422
11488179
36018777
30762363
51144826
66558825
70194965
8565580
20990954
36661360
76336203
4932757
1049016
7023993
75748382
46614038
7382598
98371268
12203095
60373109
17031495
98321885
51086478
30433041
92311250
98994333
32579988
25310297
65908026
91963151
26364434
47227087
28492522
84261822
68321899
61420438
18573499
11164416
81470118
49002343
93466131
32664696
71414161
61981329
36221896
83141214
40567756
54162190
80819393
38986900
34930295
98828631
65037762
55796612
34608739
76953743
7929728
70021289
5222775
12548020
77177465
41780630
57729017
91499502
86142317
80413768
48308571
55956774
60400730
48046045
13109858
61167748
8681252
16422277
61969316
64877949
59942013
60489260
16387463
82426874
27993457
52838973
39383650
72905294
50970991
47495102
80757425
53497030
97468522
98699891
37602990
78543176
92604592
77935864
36226507
30127104
19497784
37242651
94573789
16560548
57480116
73640520
20504833
71174759
52474382
47903294
33695054
40708230
75145882
44875526
57048043
64147780
49133289
58995986
39246944
23518216
2836188
72432702
23569749
94491067
232836
55033889
60558373
54474384
92704446
74673692
600744
21978759
27989876
8794847
65736517
35917455
17972033
76826925
959648
74108487
87351023
5505272
94082774
17069260
2149347
72480879
75231126
10497232
9295593
22568136
18329507
82547510
21170073
51590030
82848109
15909041
19643311
36705666
53062596
86104357
50296939
17690346
19498298
93729869
64409495
53867431
35773291
66890056
32844826
17184900
55381904
45077370
36641502
69706347
64155364
72050003
81172294
51639803
76335821
90789293
57416405
57131985
38894835
72859365
41971087
85758788
85748597
63014072
73769411
62453474
28210429
39269950
36420473
87844845
27615463
49722653
35244341
26768102
33269519
81760000
39265917
79499691
47536576
73345089
20314709
68054095
9825724
15448973
87244895
86478626
16685047
6038179
35741591
59659076
90861597
46140823
17902685
61948496
11196737
95481062
71279764
7416983
58512190
52886424
43441053
18597445
53248968
97382725
24842724
13787718
1016530
50315542
92304927
70705228
85140160
16722970
57967193
43634563
55358864
57203005
99155807
49955986
2478101
68693843
72459926
29565049
38744194
12593015
74926492
51976011
64972460
3893998
83925070
90457562
58711470
86152304
89888167
74401323
14320610
46632015
89088394
46275132
31853308
54668302
59082537
59846675
90626758
48543308
17372179
71107308
31601720
79820403
12811367
72655361
79473714
98019321
4578540
61006162
51180546
4963683
80181780
72815046
49593231
23415756
15646129
54313707
27273426
76180576
85015962
39808240
3711050
63587045
32187236
18072325
10436929
14829367
69880181
24399056
76699765
56589671
84324690
72443083
17781512
81945489
82193586
16557453
76967308
82024419
1573938
70847288
43414145
57197692
6705447
76495340
10053759
74380099
36451323
29690236
48384350
99449296
8709818
64464092
10211787
86497829
61260855
81446623
7197902
96378909
85992044
42288960
55739098
84950799
57019174
56169906
25840552
47564401
13176760
82540712
98668031
59331193
86420658
51001202
95323389
68480079
18348853
41523304
26739359
99892008
23234358
25261113
87088378
81837293
57207906
58897284
70468836
5925087
56245609
90441020
32830340
83116150
67452088
52916900
57744452
8795556
73771608
48707830
83040456
89052034
81150340
88656662
59595627
9126928
1837191
38395761
81835284
74809398
69319218
50382268
75195669
41672150
80071754
7307134
79183083
77149981
56337141
75091168
41008227
80963648
32250453
86779093
88788159
13860472
32823325
79305494
22203889
40870670
15705950
90023422
35820419
67165328
50700464
34827756
10876874
63800780
29422354
24563636
80664198
80669996
63699095
57173449
3911064
54261271
57525142
62012046
12319666
10622011
48108347
80319743
44582782
28288874
42337444
18270337
99629464
55758576
2318267
7936279
86896629
7980436
52054110
81530626
2657118
96070457
51939191
98515581
79731602
28604883
13389765
91116013
53370575
892971
73535992
62323523
32300930
56112083
53372928
64886684
9264774
96103698
90497113
77348067
96160469
67960465
46632089
25160757
96165710
54806209
92737962
88613644
21536261
17173651
43725973
3703900
79677079
59226276
47849778
91305163
93061465
93192022
54574945
58658843
91753238
91102430
82464451
92657792
42588891
54504829
77965179
32732054
56484672
45913264
89914959
99121563
75988586
48344806
10439445
87573
15129256
9295055
36337824
70345906
94942886
30251525
78028536
43459166
44224448
5968999
50151224
75784903
53518077
57352203
22761190
84861825
32753762
54984942
98130726
66821367
12065128
19235171
34593678
32090425
3554843
48233292
5589776
22243793
43853617
42338900
86883143
87372680
5402111
83253817
47042266
77650472
38656108
67476329
95911479
88445262
92967171
59776805
65569839
27346958
61177225
14276852
46553550
74965876
590107
20054680
61706249
7197959
22658688
85473250
38476266
67927877
37814808
50610471
95440423
52114144
82636299
61818653
71933525
68973312
59927465
35919760
70913049
42949447
84457501
65343695
56726354
19351370
9998807
52451601
994601
27541495
32783389
13727637
47592100
56914212
10752549
75058890
61485
10105799
12625069
36369725
98358631
86594315
4689772
44926046
27818477
26857647
86411483
31465699
96540212
6491017
58725492
19907804
74324696
2370559
9164461
96455498
83496160
47359305
12753402
23593503
97102137
26606125
54316242
74500231
91743016
20356713
19655804
96273374
60421767
6867914
71816123
63092591
34574635
8055224
56612729
48863509
64638247
99360078
97844502
32926783
82441022
43254276
58617182
84768966
4735295
90384350
67702930
64914871
84976718
52365784
89216017
99252634
36617758
74918787
6766349
31470384
2658788
95123005
42441397
33526150
97264689
10500143
37344298
71915602
99844197
74697595
74125489
48921866
21671627
34909475
42357978
39632708
65897896
41865909
69176275
59015717
76318663
43018941
19215810
16440618
12881708
99413889
89826661
15591032
67186427
87487138
32051762
77989356
52392341
31118054
39313596
64905150
8672552
64252987
36338789
75144953
88444433
43276126
38757936
50881360
18808894
7219949
41175885
58979868
58828443
50486901
68972358
47295808
54662143
92327255
59163976
51588441
55511954
53669641
9393492
81073384
33953892
31553082
29108966
36056892
6815180
81795125
72330557
89158304
57830644
18077499
32420640
95908748
89269988
64344887
91599284
38577384
32450950
55017840
50404033
43987173
87494687
19552158
45778080
62035990
62071405
98670651
77121482
22277729
38321604
69926605
14170370
18686243
62409608
34004852
11285445
58128732
31933134
61471810
10827181
18022473
39140407
24795089
75612516
41746714
18883213
89787934
69801226
47228504
98639655
22244128
40200103
58957164
11334903
89645249
18426082
10124329
64805395
34427015
30415640
93869162
51904925
86536736
29434358
97538990
88144983
63286096
94901038
33028892
72907421
2654160
49228271
31599254
92492434
78429966
57793030
5920202
71939263
46363658
88673423
68581835
30614211
15002464
3206288
5280743
66190108
25853976
58883485
96879960
82184498
45388644
29646881
58680537
16278589
85462064
60759929
95761377
15986466
64045881
94614268
6646744
66322379
516965
24725438
7657776
742565
72540417
43451790
86343888
11690982
14384215
73254967
14503456
84144707
26319759
5485808
56082135
61324484
67735810
51692062
4512161
89731407
75912469
84671647
47087866
64369590
22507122
91915921
52602651
21919206
93020823
37362067
91534367
81588952
11920392
82179693
24894195
68132814
37510059
92917674
44875474
72954329
45129847
46546480
57646221
93291542
19850598
35529239
45523092
21227259
70931600
20629897
4141914
11712955
53477492
22659534
68389373
91951754
91682304
18311297
20758845
63668050
2341379
86155315
33662331
83774181
745675
15007465
68922210
82404457
68893836
97237934
51423040
44851099
92606766
57185329
80441843
40754671
29503375
27287978
56437763
52409884
62404278
29925612
11007077
66586002
17187016
45599933
71575990
8726242
42778806
26472890
99743098
75625728
35612506
16979925
28243094
11016426
58697348
20050048
35601806
83713947
60984061
68063615
35440830
80068989
32444741
48597208
18152516
74529751
12544283
69048673
4340036
62822001
9168389
20086859
85075334
99311552
57842326
86235613
74152393
95932278
90388700
10949589
31671356
61503907
65712615
32314247
93783111
45911764
45133809
23545958
27820657
54780048
9467048
90249441
37854646
77240242
67678082
11027836
64242883
82681194
69495451
83549734
94458077
54393280
18241535
90937433
11828629
17973707
31761381
90985861
58076457
63543079
46707870
76472058
48449989
97705483
92813476
7249899
29060890
82528221
82431646
43181415
50851831
36047457
57427049
92951309
36308932
49941873
13879658
72866298
67580364
32565808
15241670
54097347
73240744
21795836
29750176
15623687
13912422
50791945
72908239
99140275
40316097
85239854
14604955
44843922
13665615
26340407
74240218
45266425
8099971
53204418
10708538
48535052
39666321
55787541
44626383
33663797
19186591
43119896
46593940
72958285
20353150
22121495
87657486
43362890
49487951
48950881
49825545
17965212
25113221
64605683
81941379
60973437
49463255
25959466
73898008
86764557
98022427
44875319
77569577
54289075
35714586
78797833
3416509
80271351
98105980
34340906
29378931
46705491
81765388
3929849
90375390
74929022
41718749
43344681
89201685
89185791
27600253
5191780
36024875
53410568
90969521
44550492
79497718
10528937
30947643
96684264
55227459
30597612
37775027
55131603
83236857
73047153
21816890
3817456
76443746
80458466
6279587
4362632
50377870
67614273
64567887
28748536
90250466
95132167
67540719
2232550
5283898
8112131
550472
20230800
26975589
47942944
1539637
5790081
6171113
21829346
17913677
80939618
80007936
65695210
27311990
96509355
70803567
65907596
90317488
58227408
74337976
44695456
65733990
95119862
91576330
3151031
14565241
44699788
96888367
8569945
91376936
17735562
82581419
84582717
82887898
39240361
6078047
59818280
29465843
50009157
65176734
37098920
46355174
17829998
73011100
62876322
59075550
46492203
85021682
81811460
78846957
33316312
88344181
85351326
40854024
79864100
99581668
17550324
11711847
34421739
86751940
63281417
52086671
96673567
52184173
89346659
24069567
13801727
80096714
63446319
30675416
20107847
91100853
68928651
27691755
54219027
8082627
19584759
5897935
39178474
13932907
26694678
51356144
18425938
10184489
31498928
39674902
92473147
60015946
50944010
86094442
45568513
37229852
43086079
64182821
1949863
30225315
15192988
54341106
24233362
49179054
38437296
45564678
32935208
14607967
14677341
16177052
96242368
89859315
6055851
74866514
29288551
55991479
43327693
3971368
45949007
35659189
67891395
57980074
19117550
35016817
14284578
6224457
9117905
77639874
88936257
96713285
99363403
88471541
88404210
2440349
94389450
86409224
74263097
72106837
64275508
52024775
33780102
96184979
98211592
77771664
63508711
91893362
3244201
52944053
71287734
29211187
52975390
28233135
19995991
96266355
6803779
7994962
93085896
20745689
34540484
14710446
49429815
51898939
50048349
19157871
19269493
65176607
52875655
44275864
67436812
82312737
32462763
78439475
38687932
29797027
71331030
71364984
96383036
59832114
73458144
4754775
60199878
80057290
67593407
17839777
39572876
47920686
21815882
40784635
10895877
32844937
53711757
19345344
72760459
4143253
44710747
42789937
99497241
32666239
91512568
91488346
11700623
33164851
48384053
1738196
56248950
31571917
8176496
88354431
57083476
70523485
97809795
81074178
28414173
48380939
71476603
78772932
83058720
20009430
70104582
21870347
81044972
69051709
9605922
44022689
51756827
4341892
59551536
94569153
61773783
66296182
76536421
30660461
42164024
8819730
59058118
36644654
21384644
10051812
43213354
91134383
24789365
86349179
24177846
25902452
76652819
16522823
51206094
28118986
5124385
14710147
34695001
78335199
63514707
19143964
44224090
67026487
23288830
37593052
76616951
51103244
70201806
87896588
42783379
13035597
44516299
72153690
29260915
13775584
51167949
46087521
492449
88361429
55693983
56559674
13228865
35016759
89720346
58818169
34605443
10274166
30686282
34256376
79117578
6228435
55811782
51988857
21273368
5689792
44872155
2660843
4271531
44875616
43537927
40529886
13301268
37990006
88537944
86966666
35083362
52897753
65736720
41162789
65377991
74762312
29925140
60857458
86993658
12268730
76904687
60664766
44092809
2138708
73457505
64281422
65594837
8536087
91976123
58780018
57566280
31479359
27474942
26541610
88959900
24068540
46194428
1003350
25973229
9342493
88442371
68605142
55753422
22363187
2251968
23323493
2913213
20377940
30755048
84120925
62291855
31752159
62613560
59647057
64290186
7818851
96520909
34704238
71056184
26071733
10936327
60886056
58868092
21195083
81346410
8049565
95888047
37124452
96333295
87780381
30117233
22904877
24737937
14611046
42271760
13396708
58056896
11954514
31825715
63317798
43350775
10292674
44778225
28156050
36211957
93070618
2718
84117222
885297
48972713
8939691
98977371
18036483
4068477
84275902
24088771
46920980
82429098
25170229
11543061
40842974
27682870
78260259
78814938
61285350
11788212
25139344
24765555
94105137
49312495
39264968
65533024
73466567
11658777
51230006
20788026
23560876
28546804
13356414
67217346
56374647
30746275
17961732
8087484
71123976
16076013
62357865
46329440
58185499
65516815
10777606
82649572
82488930
40313407
70316526
62314199
10111084
5166340
83776213
42817560
38845662
11989146
68208403
6448089
77069343
59579589
39550411
56616686
28841211
13849253
33061113
40090803
63012436
41594183
87000148
34642873
86123537
89249189
67370816
41256234
2214394
89458684
45127830
5650927
5224167
12262398
13872901
47499117
76563615
21113860
24942703
17645646
6431288
93508278
74259403
31225132
9482399
41429998
52372536
55591915
90965558
18700158
58003773
46682583
14990425
29689734
2107601
98570799
97558459
45485813
63833934
85165615
3919330
7420636
72649644
79115133
257220
14930414
43425205
29105133
42674417
52335667
64842539
82488334
54327980
39825757
20437809
21030788
35488224
40768854
45819644
9740703
68956447
85414611
74152604
81136902
31200960
66217770
44783302
80301634
48678560
1523221
20590406
77765567
39323026
49579509
19916503
55679815
22431546
278296
18987046
15168089
1069743
44118118
9447603
14919875
60703568
74831631
62742128
82610921
6242408
68322642
40866772
5414320
7415438
23797233
37863716
56065170
8423518
4646855
53496639
6656628
13030982
30504339
68647068
7698601
16003837
87692180
43660577
98523094
52892790
58949557
24112764
87660069
91346496
82700573
44950448
43642231
83817644
24557874
22368168
42909416
47339449
46757371
91333889
4878454
33826312
4277470
85992796
19309163
36161292
49650817
16428871
35620071
58307813
12673288
58174636
57190240
53148170
43211333
57958020
92697998
87559094
53259740
76741917
6261291
67542906
61102217
9527991
2566160
78566889
15775685
72075764
81028085
96101375
36964
39075085
20663392
75958156
99537813
15744301
34412152
9261812
54080003
49897182
24615161
87067483
22629565
18214938
5242366
30917615
34199546
7182921
5387487
75363524
62184275
16479044
80370832
13448906
68109482
8811683
10822455
63748472
98316774
5158337
73571017
88932416
35966199
11708262
6251770
71629985
58893080
36106598
25902934
79580296
8054392
88032838
3360881
43358329
56838057
70422537
75488269
24582902
16877245
72937785
25797599
10014969
29888158
25572913
4505495
65854973
47647832
26372931
83220227
66449360
31561853
69298854
17097727
12534893
12268714
28468781
77919004
62825772
15973475
93578209
99851308
93878771
5287635
9246613
35084198
5359119
26281660
67227471
62370404
90526462
44875439
45280639
65551767
9497112
44308073
81382540
5792787
36459986
92576973
91350955
25323906
72647136
2190155
98010059
8043459
90624248
69491455
87207519
33324390
7390181
24187927
43991977
70795438
94445463
99171608
33304667
55435654
65056072
66043481
14835830
66665256
58260974
828559
42629802
27747968
70503892
42663294
71280147
9629317
33640520
55969135
49264280
47363458
7592292
23490374
82749966
21683340
72142869
14615440
48587127
13072492
22044578
68888060
96896161
94285289
73307877
38565384
75216702
56101494
85865469
74418655
98139220
16117488
63087435
49616015
94188183
62206214
69033587
88053127
78029333
49423157
32510499
81272168
76276762
16076462
39756014
99614531
97809957
83930064
4871603
66297965
71760962
95256888
72738459
97931903
70521774
46972089
90902845
1089003
95779850
27164481
10524344
3220671
51120089
32121239
9034163
10304720
31989437
37024802
67446155
98246154
82027082
691248
97020185
9050742
7837779
33853656
38423750
28207268
2277199
63042208
38160004
94340119
18860284
43829501
78695577
93108614
62861294
72216661
82195264
33236375
80908521
57299954
30681630
27288367
62403353
97777615
96018010
85492991
26926238
61170929
91856021
78748287
62718181
46875126
83490279
41963997
61394013
78008644
35414864
74613138
43604172
94432470
14488577
46627
80226213
748233
28275953
93093139
38985589
69445298
794950
7692008
83091703
41482440
53160969
14302753
22668592
20814100
88784500
16397680
27492028
36899015
65437714
6484474
30829024
98749720
87125775
45291117
42477568
57358008
68657509
67815708
98409239
93493677
80289871
316881
33265509
31070377
10769910
23205766
70805634
6708415
88405335
22530595
29141810
56001181
61876315
83718518
19846308
6702256
15590626
44962568
61756033
63181370
14897612
86104383
27841969
51787470
94329630
30958709
92351068
7008554
52597837
49594233
66503779
79068609
1172353
12623160
73276219
82706391
89141517
12501674
23037304
94984326
27417388
11082457
23828388
1128245
16816206
63665139
4027159
39278325
2633527
30003944
20509813
25426575
80587053
73833048
25819878
55386291
98361551
9172554
79774004
10009640
69690599
81198387
88047710
31116245
34838387
85665762
44246462
65319603
33675297
35746963
85481453
16856329
58122888
31926317
68508081
83577179
82463639
1141201
24905104
60497130
5618980
17871878
58449944
19693300
32533334
12714009
39888545
36554145
75384115
9787928
62313107
44054400
98816660
38036622
86656427
79754455
80624804
8150793
22936612
53176317
19029821
67018024
49268610
12284107
22318532
85974671
81468638
68270650
56698870
14993177
94499803
28473625
53860027
35873190
51031348
71060962
45142781
76503544
26738780
7657011
69912084
60125333
25917425
7814611
33455696
62902632
93973474
2281332
65523405
63972789
86560777
63931670
10681576
78358191
96469571
39834380
57579958
67650609
59349022
53174964
32093319
38704491
17957207
36023505
84274417
24916383
14306496
29422799
18564923
95683811
11348354
39276453
99226308
94288348
61141341
48690257
22113590
76523627
26469246
60473603
61084574
63885850
9965229
81750657
45881093
67961163
5104146
41130011
96330811
14752372
44153288
35715107
13398330
71243257
61035908
93925337
45920590
78535593
53098622
22175067
72960234
69664748
17351628
73654439
81059201
68522281
17106696
8083012
73618143
67894117
55691626
80192283
28562228
86841735
53335390
8187423
19911071
92301553
80678259
49651349
65320596
55175988
49886986
11490458
47777262
7269368
72866023
61779426
78555480
37969011
2020519
86528248
1101921
75034003
92168794
1697143
68234504
3894325
19362023
72655258
33465597
1503149
62921219
83125680
30562076
29692533
5989366
8877343
93709397
22257910
2625907
59122957
40215310
92576803
67104393
43725564
63519955
72227153
6256338
40439785
60611614
23574660
22720519
66944981
18815877
30518744
52553448
72136890
37027153
81354512
72931043
50521431
89014902
30958508
37346591
19591292
98898962
81357818
20882226
22001340
76837425
48272710
26811190
22981127
41025979
66555379
53118658
91463827
22537261
43217722
11036522
58919221
10608113
96231819
43310477
17544008
23086152
83158417
78107136
28525606
46544472
23657902
69411566
70679091
44966751
29745247
93965725
92839251
79648371
52890052
31236892
15525871
37976297
24620615
71831472
55270257
30123805
14685232
8100077
49910933
4182293
88854367
34441656
79517717
16052236
99697406
34191735
34184332
30213789
79223438
63385117
36883147
85132399
45332944
90124240
69438834
76166511
58583685
79766083
93889635
89391136
63204655
56883127
79587164
77337680
36772608
44959368
89319131
45833342
71390009
8571242
463584
12373350
67665589
26967193
81865643
5142162
19201786
64736203
1033172
37070454
16865396
89913042
28381138
88135297
36547262
45153542
86663480
84497926
12609918
28459276
56863252
90366859
5698229
13468907
87956244
24934223
51685001
18456247
76022094
6527474
5433040
81300185
41364581
60118268
31659941
5777135
14421768
12445293
89270521
12253492
10424163
43356487
4231060
61136046
31345197
45737997
20963500
42336468
3612242
17518265
45255185
59935790
78960197
23960992
38169068
1572199
4642198
31528998
99599878
30610733
30986211
18658592
73524199
89161830
62618361
27689898
87372851
2466551
98550906
84170671
51902025
72601350
84805658
80341315
90158683
36544725
4814119
4854625
66057213
56370570
56169584
63614410
66859962
57721990
25426632
25378896
96909754
16322180
30776068
93919738
52475176
60061430
49509693
53366633
66298146
52568922
38705993
21976384
94846609
33561204
88976009
5444049
28089981
4609964
14513489
30750448
12203084
98534740
67970637
32888163
81359198
66889407
43419914
63799834
92538345
74124378
15646298
27249860
41786886
38992142
78914562
49343555
96674
34501255
68264218
97323999
24328196
9757704
80895672
1423529
29177904
20130660
26010991
28828107
28994893
76233309
40569724
86149227
116582
74676675
48319429
57986204
39084581
75939398
30793522
6565590
91212926
63017682
72631621
13347701
25916904
69149663
49468533
70702338
81474286
5618978
17861194
96119408
46366589
34544124
66852891
4736352
48663252
5705409
72743339
49369172
93280618
21131105
73361368
28049075
919151
18704436
16117499
81823657
84380345
11537820
20737701
2191095
13309590
45286764
72875529
12260094
57419058
82573607
22950912
43526406
80486157
53743250
38150895
12766885
73519369
41015669
50272065
42435309
41180336
36207926
36982763
69546139
74427198
54910135
74203813
20553098
27285660
12739631
45586771
50116676
90317866
95825558
4992214
83878189
66696586
59052054
49941835
36079651
59491445
17362734
38326368
5886876
69550046
75510267
23551416
12094250
23917193
96089544
58398157
27793494
25203897
7505927
99896294
60729836
3666466
33086026
34210220
51248945
35418909
74287144
54637808
7187137
94567857
89472407
85857214
73552386
83508010
91880873
17117280
38355428
946781
57007279
78554266
59747608
44522733
85359431
85061327
31475578
76604891
23715403
10887282
84581262
64045451
55283588
77373978
44888221
24914047
85494203
90264343
85149851
54234389
76290134
84609744
41371966
15274572
6159503
8158342
29890556
65231722
69527224
93324391
36641745
78560740
2670514
90513069
17271018
77363684
42168561
73889208
23582014
37283852
3807030
60586381
41872949
42297078
20232441
30085573
60215712
66760626
63509079
20278400
25197773
85976143
48285034
75103294
89857569
80958631
20068996
98608196
43286008
10829189
27043115
73738645
66399274
73713903
15425864
20223812
38296049
86903210
42428438
63887363
21755109
37252927
91992090
59633343
31458025
60746631
73240937
78473318
39813642
62325946
73911830
84362057
51950445
22854471
53529455
55877760
17074494
86087534
62895306
63477505
54118145
20687007
5693856
37351086
83385445
12800428
20389943
38037354
24644617
74054268
91799598
19050418
73455280
92150545
80126464
33670235
35072682
3439875
48583343
95774989
11913040
23600709
51279386
59428461
60856250
45409549
85386796
52173101
34227280
74111921
33670226
19299649
32409447
60503284
81103033
59940405
40904814
74534835
82062113
35506810
47859923
98638423
98633362
96393588
81852530
56929899
32890182
14557267
30742572
91518162
57670638
78429134
81724254
84872167
39385912
78276603
35190108
56711935
70748804
84401985
42757770
33664695
62566771
96852937
15188600
3834113
30643778
52697171
89037715
64592152
44517481
57639005
29932289
82889622
89073520
71936837
10359800
87012428
39036686
89642335
5951712
80234359
69936717
82371265
55205826
99027688
84865693
47780219
81844569
11871289
218980
92187856
13837669
39509047
79124282
46548288
39599124
97364389
74337407
26269502
43114190
30211476
5317603
81271995
54886271
47410122
21931470
15941644
12056101
43253885
72285808
26075660
32434252
91928012
56605667
85519285
16805706
95453279
48519626
58835030
55773651
32691075
27084122
44936426
85885430
89846202
19104990
56825665
32088431
20409595
29679843
26500414
66158224
25183938
9403400
69890735
21404086
70293870
13217301
13780319
96067712
74815090
10090108
93444403
60766885
46425030
50816716
84779381
79319660
52067974
18812088
17080988
54291156
43395977
82441490
22361102
387814
28033944
97379218
76943709
59894833
19765615
39249956
94609032
7432678
83224100
80503733
78372222
57202917
43967258
84415710
38887996
23893375
68341496
77972139
99064741
45088831
21769950
86661026
40406756
7476881
61058761
39243377
31080337
19070583
41103909
59759702
91844165
39050238
60348090
84734598
15749228
62186463
88593564
28043330
43629650
94656578
63272684
5276461
34869742
90119640
42001958
57563968
56341780
73028039
19256559
91542555
7805574
18302853
98859474
26827894
8142228
85467002
38264206
89021347
48354616
14242338
41204490
78991486
16722808
86800103
4233001
5823577
97558349
27140622
61428596
35697295
17492572
62241986
54168436
86933279
35326249
92826383
64211279
83105717
79647285
22152117
87362978
49140533
98471444
31316593
37333969
65387246
96950574
27945221
98691831
14052741
69976200
54716355
1570301
69978538
79232962
65675168
66115607
64293233
75412492
97079797
35131429
2092609
41151550
8931638
63362060
6420076
29667709
83386575
72225110
83714317
33896808
86467617
34613348
87427641
92317368
64129921
3987768
33683457
71445724
40697552
78294680
52999063
42221209
40732173
42128759
146175
31274489
69332636
70463032
54071428
15048702
58509115
40346514
95881744
37827052
19486083
80602741
84062394
45701747
52287357
15682562
77914940
62437259
90266881
4853857
61405963
26579722
8979200
13704885
85583075
40717225
37214825
60743020
91586490
20578477
74386227
63548528
35357407
96985774
82948971
78862182
44666824
79681238
31251000
36609148
39881617
37986850
42048568
59035740
51178418
4872970
4598406
2445627
93772550
65459614
6664272
54619643
80984304
76324077
5696809
24160224
72285497
91219453
80192232
741012
85618958
38889642
72209535
83976886
71626341
40728752
91196171
76613853
79929318
55445998
98094020
80811138
37696919
43367329
47250207
12578056
32727932
31577576
75399857
96731717
91933242
63923298
36660866
71862154
63196428
68141203
10778891
73239121
23211877
905961
98720669
13747018
3411357
23675281
59775585
61697435
72647094
29469116
8365980
65612941
78922644
20041782
11725755
45834244
47363687
70992361
48902618
42191795
8197980
19485669
1931665
34208918
3911721
70797530
83944075
71608898
31724609
21185568
76172832
54539368
30940455
23862797
32476208
99989177
76794935
60122506
11003692
60520429
71346079
47002806
9015767
16373986
33108279
22448635
52153399
29198356
83913018
4511068
94570325
22747337
19636194
12549057
51493222
74365577
8022537
92700167
29030755
81822402
73806278
88852840
10819695
52862587
50287742
44026397
35411599
81794895
3033834
62115446
10184644
10420178
69041629
62536375
52853759
18079803
3203481
83368789
96594743
26883227
93729237
96369985
38458119
99358077
90085494
80672735
71382485
84918175
50257078
45470279
56841849
33024821
15634406
5296330
42547252
47265360
812565
56385802
95915016
16368014
6593939
61626457
96894947
30845835
66508975
63684996
72657176
96765283
22968946
39097710
68951841
23498221
53961688
3844283
31112205
18621666
55130446
86395357
94064630
29742329
12439223
12193462
90923787
26446727
4420423
67470078
77164736
37133952
71304264
36328817
29702400
22882840
76768771
83381064
54926858
81050746
37681387
90036569
1932188
16737923
66874557
63792840
73994730
43681647
23588553
34969336
9270096
66826169
11903346
69993762
25299974
99811798
25673102
56934599
38191290
97964970
40173916
61046965
5658357
65479333
86084002
98310288
44001781
2790545
97373461
29792254
3947702
84111027
89005135
65385967
53456252
86736070
33034326
26175343
13012505
25534122
14340180
80945104
19394567
40573909
74548599
74452577
28868636
11912795
32316192
5168596
28465345
63774738
76491612
56199881
62166207
54589116
10175284
14106929
9220759
14746012
93467970
99796045
74914271
98504967
97226411
4610543
32228318
10789458
28124909
66335969
89415835
58441193
16154361
9978909
38043631
76945200
59036610
80297548
72463924
2809683
17522151
4539
11304145
19094558
89574230
79092423
87001242
68040606
89466948
32361343
75134919
4423958
65855047
79229015
54593156
54186637
66880225
85018629
73677809
50566385
78999871
90260998
28849415
79305563
26783770
84492275
49451578
95534719
61867727
72590590
86182368
72667115
6744698
13598362
76187032
84680706
29033777
49053819
78858437
47099415
85092355
5893494
43582881
9141889
32183259
18163332
56113019
96991274
22932555
21675368
23401521
74206201
38388524
33896343
50172204
47770751
20161125
28003429
33560012
27258083
15469712
54438439
33841090
79694782
5984674
69414789
57926498
8370604
21544933
1384319
79763371
74643532
26835655
50835683
68792331
84159149
45449950
69133512
63865929
76083374
77487168
78230134
2395109
11460512
94493396
1411591
29454769
22697509
33240834
71356344
37914825
80732497
63125642
78029556
71235759
79304329
87171697
8115613
19620196
34094881
89810436
27607514
37653183
62794865
81521391
57178647
40760280
33651473
63096111
1529901
93892968
67368384
31562074
62201230
92498714
68473152
90051275
8385522
38666818
12836399
66058888
13998748
26886050
50860953
78599951
52015674
30543189
12430437
2715771
71796616
56580338
12314192
36257652
89582798
78582565
36917641
73676053
2325075
10461612
73081288
92412120
20317881
14218322
23439257
38391725
17962677
85244305
35446964
79466704
42697918
15090612
31435298
50453177
64856503
62742413
921328
5017286
14727406
99198421
8647860
32789421
77613049
47167428
52204224
17196835
97138715
14445672
88356890
82127889
46668057
81831310
36115174
80345371
98577598
38128233
86420072
59056966
7370293
50677057
37229955
60547324
69739440
64876913
63174646
75178428
84416237
18052227
25824700
35745788
6497180
92503533
28788482
66048985
14601864
63120730
71942490
8324722
90225894
10168429
1661365
47084408
72585859
18959061
97015273
75779361
52127983
88591699
9080170
89213487
91092476
58182097
38894833
90054743
25151117
22079715
86835277
17208839
3050962
30487410
33951341
26833816
71103019
5480400
54347583
14392004
24457369
46316679
70463419
59930059
45535607
65987276
92092356
61230876
74930067
44693765
61135628
39047483
41459954
47026578
75288228
97638270
49758154
59612755
16727678
27367565
16509094
92003420
18524461
35281032
15991927
44101584
50753038
5659754
28828712
40651247
58853710
53355733
47679385
7384669
28256274
62875756
91212177
77725839
90375333
96824639
83386353
61501751
24169995
23323784
89126195
61280244
87461484
77035163
46609002
27910788
9467713
73907478
51542042
19911942
65402625
71953780
10938439
90379265
11421555
11685713
43743812
93841835
99425643
1627121
83862692
69378130
96635309
76594939
70115764
64469858
74570955
67192299
3377210
43535906
27914924
69397879
12074648
88382312
4121762
69224340
85022683
57194571
58689524
89831194
63484636
77634660
51345562
45542775
46542199
32031108
36968568
92090550
61358305
72751615
50616832
85354383
33064253
40001704
82106528
98595251
54962152
84604222
31122396
61667535
39634377
87430493
54877515
59829701
92461522
79572305
83130726
65542328
38356546
11763050
98574021
33232900
20904854
20154424
34659296
15660924
51524293
84327892
53756220
54069920
32729659
25046810
54626605
79172315
16000017
56740167
83752993
78570961
58386011
6617486
18025885
94120450
23622031
36935920
18435117
53338746
72282157
71899633
35089922
10970617
88009555
28756208
65776762
89392976
22420612
51738457
59817467
42038895
9858335
72312219
23697106
77826930
94318565
12387627
99415998
82586940
89533262
11559094
35488273
43448691
59891365
23249190
74170173
77213773
33504901
70731852
82876812
39216285
4619908
41042106
48294103
41139038
68071273
1455768
95891309
86787570
87017596
78767817
21381158
39638821
18322798
62862132
49437289
55483083
27441785
99829172
62432954
5714316
30673161
36470593
32684715
97651994
67649150
49631247
81091857
94451416
27615311
25467824
13063917
51105387
74610050
52082673
98054279
74181021
64300829
96975900
10576305
38217858
41719127
77535502
89600557
79477487
24834448
77230466
38341364
55362405
86682767
95184697
50411237
29706473
8333908
6526187
11201544
93858863
55398308
84641572
48021691
14419192
16532225
97105800
46140457
80775618
7245097
87622211
26090572
39008531
92445110
96652080
46815964
19065401
56264863
53011331
36445462
19369493
56962245
51115894
19033384
60386325
4306503
20078890
86157113
30348866
54974732
13573251
13881528
39082414
61020003
68063543
8922043
14105068
75778828
68860699
33135154
32560228
49068968
66661047
20459194
4557380
10352766
86715862
48410971
67754373
63462293
60291951
77808682
93684438
3551501
88393994
55264579
33664693
76570167
61193863
95296534
50014697
99263414
79600157
20962201
90611443
46634160
82854084
5270796
7228170
32012562
71530542
38963074
10800440
63865018
23318893
93597078
70441193
50380652
56746769
59601006
82144493
46148586
54201671
23559643
6354527
22085981
15495690
81128051
52576293
17649558
7974723
34417330
10080986
31701996
94324768
99697292
95064797
82041093
28554685
57972468
75716723
77992276
2137572
44104085
6208652
7979935
86220231
5316630
2011084
50561539
83064827
62162869
30189641
53281131
61731356
41262888
37816683
8112831
96539987
26840179
63389950
86114120
3630608
71373849
54038154
19207217
50924860
76313891
78677173
36966559
5566350
52091261
29032058
64353873
65345314
56495442
85466154
59155659
44396301
40943691
66533391
36875710
9826417
81672751
3447796
73769894
30951272
23946224
53116613
9657476
75968033
26763012
17858271
52601999
91002774
6371771
88800932
37433753
87835263
10784476
89932542
74258919
98371194
92624821
93116419
1274722
48102697
7378365
67463385
54120029
37724341
73476207
97236273
56486985
58781573
37261005
10518234
45020517
74759924
64745412
19234192
21216341
26860829
247969
94323136
48613141
51154914
52569394
51726980
1675479
83478718
29810567
63477988
85785971
29238562
75357656
32932663
18317679
79629756
90892573
79785037
40247798
78179550
26739123
91604053
76924843
87080839
63162258
10374262
14244271
79453897
32468722
79020603
47871277
44878374
20696050
916196
50510439
68324761
81015221
64965545
21289315
80614842
4782184
63867731
8424943
88940226
7046417
11187241
16206973
3955382
74833154
52334451
23483714
4360144
72796595
81394777
6086906
53295588
88513006
38623617
70725328
57421023
92165916
22328655
36877980
35297761
51135132
31805489
52934020
89770124
65987373
36297947
11445559
3343941
10941681
57843129
64856433
62995769
11638620
17114450
32615103
93191496
9063957
87033539
11598815
61102534
56729359
4791201
32179503
84637874
6980109
81177433
11002793
14420516
78155850
42867993
88242563
99522448
42267314
41918817
96660970
49421920
13079873
73763897
59990257
3688833
1241015
41972266
16684700
98322811
39285267
7412765
12549623
16340352
50037430
89545458
23937282
65040973
59411917
79091312
28192111
71824388
21559585
73535515
1305500
60722689
21631168
47790512
58715390
90994419
88134354
81696726
23792707
64293193
74571999
79367151
70307098
11804415
50378612
56196167
47518502
81298022
24674865
44817523
4491729
64551191
82736253
45113801
86420949
67214150
72941739
73147324
95842385
37533168
80271263
95006657
36952773
46252574
48290609
882459
71706749
71810390
13039910
21230623
91636140
6550608
14494454
50711100
87511544
30627989
96995842
87379920
77370603
98834590
99195611
94559331
27710519
99169276
82172187
12612446
65875565
84280238
23109696
36904113
80257588
70027524
47663856
94067709
2717773
31325775
66392586
34124486
22772102
19229317
41914074
47739648
59638189
63538122
53835650
21286639
71259150
33534731
2560394
85893352
85481616
19708701
4818361
24137929
27193832
15374703
7732975
52042948
64845278
49541334
73427922
26926864
65867114
52330415
97636843
33102556
82735501
3527874
74591127
91831810
43740272
88772802
19144969
45591524
29477542
37569025
50650604
31404146
8008820
68906127
82623075
22445418
31173463
5407556
72496690
35599352
4448863
85881911
26626331
59486689
93737795
77531177
66728815
3055551
87738980
100577
78176240
53751649
24230789
6147978
38596132
79043272
65157755
72247795
71611945
248333
18423211
12704716
14949436
65024373
55297970
16784684
36123475
46679189
31405229
11829592
77146951
11550994
32926943
36174479
70319196
43067661
7861853
58331705
24242626
38309266
61642496
73727359
51388068
87376872
39504448
56369343
86800969
25194448
22687710
90558687
25747168
59789600
51295485
35137355
92445302
68856978
61881966
39223480
76645260
44244651
24481861
73639575
68979656
92846099
99526642
18509651
61978216
4568509
78745923
27481839
68920540
3441284
95503317
73001074
89428304
85525004
53809867
53649778
49100158
71031237
56647065
40373038
27768362
284234
75656834
27416737
92113422
55819442
96186924
37408163
70795692
57751103
21850633
66086007
83939719
79354088
26187718
58661424
41293893
12946465
63290008
42831162
47249170
83805444
92588009
69831507
49383629
59853617
55277841
46273841
35846543
51762493
30399545
15428861
46311371
85513596
49749892
25247929
28160431
4865259
40007943
50080895
74158369
37990670
52786856
81017375
15727086
17802080
36879054
38449015
17655347
56369279
12662204
24906701
28888399
33831739
20531537
20197252
48672833
51606978
60862986
83946028
39810028
33667533
34724255
1442333
11848858
97003908
60196263
87201222
73855614
53399560
13032433
17913896
72155535
68288846
10455910
54765530
75723002
20991662
64327361
99145015
37096014
61212723
1340878
39521426
13151642
78466039
61800095
93121622
14014037
65011926
22143019
53405538
70376579
24478901
83993115
40603803
73100630
8565458
4727687
29358369
10711106
13855818
18526428
15813545
9795378
93800487
24118715
81980056
82377485
5911452
5738798
18214958
61647107
75824149
13549908
84206016
2512764
49336231
16162911
27154286
75443787
77207547
78246765
37721597
35085506
90307192
92407094
34392841
60611924
13591050
81026164
15830626
925227
62419050
61306901
63302994
25809556
91065103
97448196
23761629
23668716
35311360
60585488
32601822
76509258
90698995
24524194
3018972
19995052
26885013
86611260
18544239
40551084
64673006
1425046
34664770
9222313
19294920
79943449
36368516
26855643
59256544
27894622
34857091
29489705
61649171
96954099
69529528
72663328
62577133
18917018
22896
11322382
19613233
56882527
97881852
64122186
42931476
96648059
47015906
62470848
56297628
17998186
53438552
5045184
73061459
47953646
33380780
78958069
16740418
28790356
36973191
89996278
21568912
55829983
1632829
52451460
20908914
44214197
1118299
29585428
82236556
43255196
51513546
34058945
48604788
59493156
62016528
85944510
87909678
50925740
94899232
50374589
97428490
58115979
69806186
80678374
98344699
22513185
57817744
3284287
4378
29310507
84616644
30234473
95523476
52783524
11935429
53066043
51787922
21762276
81241752
86840941
68088382
20880182
34236195
56324324
85645656
79313319
68712523
53890931
30495693
47206468
5170033
73165859
46645614
86275385
93859438
67010144
4450518
4497833
22589842
78644212
89682556
39800065
19487370
15149621
60031939
7720568
68997926
87086668
59728284
37079096
90349428
64785620
174255
96827670
53453961
34992842
12027227
94500301
38295605
36229147
93812696
26312630
82920969
25961223
25818078
8324702
8359882
47975797
99347835
16165790
21936078
35214846
51857972
87121777
41527922
8730709
93839049
75263158
58368839
53515418
47504233
27356466
78766951
53227347
67727587
38303731
59606789
71020925
92077521
4482590
57687415
63249370
80019084
8546679
1556130
27770219
36292255
99509967
24760367
9824231
2503365
41549301
28796691
69826283
99771554
11722966
15966484
96713599
85282035
56147325
86931762
53612249
23768894
65033234
51328691
80966413
98218830
17211184
61749187
86404762
62661385
39165890
60997665
20724286
95569795
38337114
20719226
19841853
9166590
43968724
45084102
60344881
73428795
89963237
16488237
25354832
69839530
96437610
99519973
79174911
59580109
5463156
15778429
56164866
15365571
76148499
95686724
94230768
9938983
99642917
77884264
79278289
141329
45254272
572967
51226
47202339
3737303
14364573
38402717
50626991
29322347
74539660
96323976
60514713
94207454
48177359
34179948
65693047
42246618
75966092
70634885
86450318
93288745
36813358
22171194
61748149
64440890
33909733
57080652
57286294
71860194
14723162
20665488
88776503
92583420
63182361
30983491
66366824
36044212
47202247
78275824
48403719
57888774
28069697
39985245
30575682
14179144
89775111
34105905
64699911
62015469
59629857
25560368
28603175
50031170
36487191
19380560
9625567
38006701
21905669
19363066
73045402
29063612
65774132
35343214
52013788
8310044
84394279
89834931
45036474
91509293
83314359
17897448
84992371
11294504
13397471
39772183
86035355
93286893
52241215
13440862
66707194
19365949
98212623
22015937
820272
37069473
6054711
33313061
60122456
76669193
3009455
58346223
80315794
18072561
15659533
32798614
88081068
46621579
84598493
68311957
70990009
71631745
40858149
74428627
99490177
30031172
76479743
10884759
83536893
55032296
4654780
37516252
99093082
64762567
87610936
67204814
19338126
76484
14231333
82860670
95434866
50978750
50328773
61647048
50524383
31170689
42020258
89916987
4138535
39490728
14403549
10743650
93065158
88254012
82293176
83347040
50790972
93410709
60142890
51922362
65724138
9963241
78424802
30505024
40172749
37091414
71631334
40528779
93847699
45038138
39571567
71073260
94589846
3086592
98660134
22932991
13661243
46450682
23251415
26119435
56558228
40528663
36630867
38383200
9851646
83355986
73027583
96120323
23150272
59583305
21444669
28298946
46312961
35390280
86811783
22416855
17569674
29670238
71330509
51003902
80672458
25810994
69660247
577241
68064639
13509479
58189939
19651952
3156644
56235758
72255283
63144675
73960591
35099380
71459113
68863988
27048268
17645475
39813083
57453143
9882318
58941851
53989967
83459775
63761151
44149114
47354628
96398547
513989
37001997
61452187
24823293
62908029
71727599
90787183
803880
1812803
84184171
83750251
23581072
51391244
62953705
68709926
42000837
18954929
4166317
35917991
18549539
21892796
57921202
70096454
16586944
51996906
26113687
22384223
41914664
45976050
20883813
2768648
90070238
72728147
4640528
99246045
7097365
16201265
68158118
27084971
74917660
85348966
33484107
19153517
42595496
619493
91123644
82581575
6872524
68006936
48556250
57520170
18958197
82357454
66097530
95923152
97821308
44163901
80960377
97306761
62409701
21726541
78333487
7375969
65382733
63127194
91164196
12018088
55997555
46574288
18482292
32051909
41027673
56898205
69502325
95045303
21432679
2309683
58380718
7085057
47465970
46464869
97420184
32180342
60851181
34265063
15874391
62396090
39514673
9298113
18557786
76110149
99719066
26750561
87240592
72616599
50905705
24024459
75217336
43746140
11796319
89194661
3785642
34062543
61926622
74229155
6140003
2729923
9439227
55361562
61857990
50564498
19923674
32172014
74196067
98358962
39935488
12615344
8917359
74624627
92667679
33713070
721196
87257570
66810656
33131598
64732431
88576818
96477220
29395217
84574091
8467096
95654188
43323421
47931234
58984446
15919587
70151442
96307312
2306338
4752967
64253928
20237347
60513329
34536474
39981504
69989950
11286269
29791076
15268235
44768367
1292583
97233564
69567862
56407090
4427973
47425737
28327491
2322906
44021596
27540273
97742087
34636783
80603064
64894362
15590484
53058238
45386907
33752748
82420549
97242444
80030711
53001930
62623658
56090707
14793029
38921244
57197357
11092681
65180482
35902185
12486817
15346355
54188940
86468332
12476934
28062920
61552313
64322804
39636988
69363336
4180080
59612152
11993140
25744449
99007105
91371474
33685421
76406143
7988124
12875644
39256587
53328564
42156460
18904530
90723235
18108871
77748477
14789673
94726311
88842772
81493641
43571775
61578378
83694147
64165489
68958092
77696988
89440483
12290201
31612908
75489024
85538270
55160362
33028142
46889534
99355048
16173527
34471555
75469772
12729118
92078646
16797540
18656011
44503086
50705996
69920493
71381047
93823757
51661711
61973513
17068039
86419914
55255379
78778822
32086619
60003738
53145526
28224617
80747017
6597325
12709760
75259133
41724537
78916305
19351847
59334182
56427723
98315926
35081514
76749794
1400477
94512943
94543280
98424872
27891560
77697449
81490020
43307405
9461779
95211719
23277634
85958626
19706717
58296977
88742504
77216974
71438392
6652455
3185230
27491934
39529485
53209882
6995040
63631126
16667337
89526906
87348689
47244136
45609181
37792909
64024568
50905504
54492211
39318352
1862945
49448092
52052786
96784169
50374657
22610260
84384648
80591211
4745485
99486621
1369443
85778690
90885623
27354309
57278940
25818956
20955657
35174203
15998848
92532788
1332154
70125265
74009933
2856101
33395951
83936685
14013646
17090914
32610926
27399300
10694622
20084957
39539590
50227885
63986122
11189888
98504244
64372144
25371201
18622317
48571129
33781415
15353140
94599686
67547554
55718490
80195738
30236523
56499451
41849143
26937159
75726603
17165376
68900671
29331740
10691885
84334313
87029918
62786822
45904690
82261790
21509876
93592603
21391707
85181351
43864722
2723514
7907426
70409323
83341613
28460321
9376975
81622641
68662331
58951659
71297796
28228273
43636592
30952694
38193328
44350408
4139219
61222580
65345611
28329058
36783719
7859597
91946824
10583038
70132749
93865855
60742111
12459673
38408618
94313034
80949357
96011847
3927716
28399706
99959840
62387657
30596729
31584718
42466736
30066336
85467221
18331580
65544506
64378747
73546478
25916157
9246752
7725020
29209669
78411458
68650890
25042045
72490461
43296725
21235673
87769337
41494371
41800207
87183812
17835960
13344598
5203769
16750212
89137454
77092573
33675362
97407845
9742759
79870747
9446604
62028744
31510919
59997373
66632552
36745012
13534300
73803549
64969343
43552314
21605741
21410078
74991464
9299282
71414219
5926397
78848860
30360946
29425951
64502412
12983813
11781193
32324347
41037357
54544115
69230556
30531487
19885478
17901004
76365738
56801538
67777492
15467689
7887140
28839391
95850227
59706054
177838
96069247
7023769
47648732
81939879
41929431
84858700
63594652
77529414
14343458
10967748
52323314
61529407
72335391
34293480
48029023
94609364
52504959
45933956
66178621
1324422
467190
46367690
93153338
70557082
28249028
45087953
89562055
19634659
54678983
19071266
88226956
77882097
30418549
80753743
29646359
33664956
10901649
23852962
65223538
34548956
76385255
33489947
52111644
17901845
44101630
23148575
72149399
40676616
9013895
13421766
97935360
47295886
25119804
22957996
86639375
72091945
58440853
47491326
26575588
45109999
21958134
39800939
27239121
42075705
69526700
67473725
29530382
51478942
90673549
9042914
35608165
73336034
84946426
65550066
7625981
17667001
76455287
13582038
30603937
34022530
24974855
97738526
59343353
54964142
14354571
44067650
78135024
42237057
19907431
94123199
75873105
78328315
76098739
22992294
8652600
81118883
48573616
55921455
63434827
11137714
45613816
92808355
21123964
55423471
8172271
8061181
29388298
55907850
12088829
677263
4087144
6550924
24097294
85753586
41550258
110320
63062095
76468686
74319370
46591352
12709528
97359184
58296821
12127451
18234925
57381798
33142904
48606573
74172465
13675114
22932724
11397365
71500736
42233777
41176447
51650015
2214883
8939994
58657230
16845666
23331412
96444494
42706238
69589794
32475327
25321781
75737803
20044942
42871922
63979398
38430177
23533801
16402668
93220223
83850645
46204170
34247823
52479971
16472356
6024089
1342185
44205413
4361228
47257245
67311505
1967223
90548781
59352034
60333641
82250693
44746881
76055328
96444278
44917469
88052210
60662746
39787246
23048224
85234847
72134216
84491687
25630539
5586805
60777405
6317463
49340213
54302123
9541056
71865101
86621223
89394149
67416167
29512810
8873176
88374061
47062568
83428837
24067998
18379667
62016623
98648318
91388111
24191927
83250083
83684314
7685163
25814482
18691086
11480155
60267716
18769737
46595938
56235046
49813351
64466813
31389209
26169506
3199751
548372
84196146
8481191
85718946
15335649
43333606
65482049
72035925
50239252
567074
86130189
9238619
16313426
8353800
46181830
50257848
31162785
49593411
98709225
88453281
82749629
12930197
56235436
14691993
22883377
1575007
17026025
8598741
7066943
61467737
71032958
4224399
53423745
16952333
87943893
77384080
93296855
35733088
83713057
69469210
25814741
68117366
57095212
11630785
96115133
49477466
46773395
21030656
64528265
37886096
92405462
47011866
53171344
97248335
34584804
29211102
5894426
96910687
59358368
92598042
81796262
38361695
31177339
22035931
60609955
52293695
56590406
64130314
75940857
21812957
50194236
3525641
805285
30998593
80357974
29681202
10222949
76442486
12924439
84598261
21025914
55372217
50342965
42086192
27403103
49723867
32156882
29648260
88714957
96856709
16112454
94636102
60754956
17844494
11936592
58868264
90646221
45010782
31934837
20420702
48255287
10355134
6476072
44658939
4695545
15147121
69268681
29977693
6525793
7232731
7522660
23520614
23737401
41411753
7203682
85201613
10363881
55357919
23514020
5782907
62530967
24965849
24966131
85397686
9789820
34758706
59745989
8427903
99624760
97063481
98185831
70823810
468831
7683993
25223406
28941992
32254844
17787677
97253986
13955221
422786
34247924
80694766
74262475
68557412
70294253
83914111
92092498
65855708
96059024
12445632
7919952
81063380
51797962
47689844
52505134
95578024
65525651
8893493
60081196
48005552
770478
29378246
6910554
31406174
19540632
97969122
44519846
82299768
35933015
73141573
40639979
22963586
98225967
51519224
99480632
66352178
51741821
55200221
62889907
73748059
72801105
94762873
27256470
46785774
5756393
76904722
22856382
56996337
94132594
79900490
61121503
54973607
5168936
13119793
46835661
74743178
20579400
36583012
45219046
57252086
72976219
69025044
9248653
65029288
44500297
18819659
76499350
69962307
12342798
31916147
72340200
20917834
13064786
16182637
11355531
96495497
6934554
91233080
93867294
17980990
70866340
386625
73055650
78296060
7018447
56688376
39627741
10782364
17596107
944960
92879455
63510470
16637539
16265011
51915654
28664792
41390320
43063099
79687982
45833920
11044012
35561048
33025496
27449817
49064376
58079157
3119058
98563321
6856817
55459973
47444121
38935040
89307747
94901920
87261523
95190455
71364431
9174615
54346279
71900884
30828712
54387616
86463987
69589932
45446711
2754540
59666013
8313094
92279106
6405741
94845058
73746124
73692743
1653480
89176395
34722447
88354532
40085277
59874796
29512221
64247116
21857789
72407263
88899843
9153008
63352566
17437937
24718882
49515840
70613305
60275550
83732012
63001215
51006265
84780152
60154979
86300207
37577664
64939175
51013849
5868324
79650202
72669023
68496563
38761216
76688024
77951958
51411419
74279528
25905472
92170147
63327640
16445328
45614786
38119494
45951290
43925449
59556729
18945751
82373540
97039060
54927114
29816611
65483526
9408003
14955466
84363325
29356352
20388463
16682175
85832938
19217817
94582820
46346933
72909427
82662150
24968039
28917028
99473341
51556896
93024600
14494434
73359776
36788175
44817841
23521406
31967376
35290186
35960502
49925775
70758430
43365707
47278945
94971072
2721075
38961156
78071652
47595093
78983491
10179818
50199746
95537166
46050826
42604970
43648129
52183872
69289614
58666258
29944081
59370996
45089574
68682962
82519788
37239990
76417617
18989436
8207133
97962043
35479344
83763941
70020982
69408750
66130751
71065173
63294920
57519597
32987514
32831027
77590099
19421593
9463686
46521162
17661423
30671014
4354882
74119700
71161874
88330057
12457310
84091630
2965607
12752242
27694653
70178122
89231708
15899848
56595155
79952554
22130296
71721984
14888517
75435870
9379397
99251430
41461890
85181776
22508384
79331969
77219917
42386350
96704364
80166305
88544699
46817029
48719107
34008101
45417856
37057125
63384254
12083445
80811897
365185
57117558
97764766
95027047
89968526
13968624
91644670
7100901
18468563
22546158
96609246
57209787
28884669
47119978
6845298
8394146
80620765
16931120
2432717
74751488
85201083
45350372
70256777
42448083
80953893
39086911
74640819
24617515
37524075
63892919
27072026
36860864
63674221
19108915
54572222
41660579
67012413
955659
29617657
45441230
69739153
30948655
9115036
75070129
24381236
11882150
2244994
96288996
91073530
28036419
5978168
51590429
79364523
39594015
26593832
50713185
40127062
36174364
90492589
93396398
44658041
86918507
6101719
50225847
84206393
94560336
54746049
75915746
1021334
32289852
9293589
53384338
29289131
1532093
84815721
69443149
57192096
80022397
59021819
61051493
44193757
59027741
82897864
61409766
77334956
28804087
48200862
54186351
31160780
15173360
14491683
84557433
61707816
12943516
21151346
10587305
45220648
80836200
13700611
33643793
56605120
1960265
97004206
73714416
59667405
88359186
5878228
76325673
37608051
26613335
42789297
17967819
89795581
20323819
18884766
32023792
39599884
49120088
75051779
35416565
18557238
74859687
55794186
40220755
99702922
99633193
63434252
40481388
52890859
15165341
1631128
70134632
15155285
17237840
86905486
71728664
59328216
37511030
67107170
18727624
17522780
68049182
77146337
66239791
81598936
65659823
32192109
71956441
3805678
49060912
65330115
39435627
55258207
50302688
62222225
78443578
359604
32888315
92623704
6650654
46790478
1332696
44617148
42615005
13679942
38434048
39787302
30866334
12497877
71416771
92161816
35976531
83771514
72353338
71777793
22221224
27009643
85015398
49908923
38430134
62889843
32171818
32120110
28748267
61868770
61488839
58960138
28915556
19021772
46199279
81473851
42768422
58886743
74160247
65955710
56428070
61702912
75144913
93234215
62907164
54249572
82179585
26484051
60297177
84202483
26163889
93293950
56088816
94717835
83374272
41184352
52344543
53875186
1190980
51037258
71204608
73411423
61303901
99632595
48990419
50913009
30345554
30491948
96276344
56086443
29106846
63876029
40666754
16615842
19079203
68536105
62849961
81240603
8652679
32906100
22155178
40321650
32229414
97343292
62808858
68235530
26423502
96211485
98633658
29072904
82116026
16608542
38302322
22420041
76455035
83453686
26698247
10257570
71201468
94008156
90271589
49174245
103220
67370775
38526757
22852023
73804846
38964209
34571500
3583388
51769542
37228199
21309589
71296176
7930355
14689994
25430492
6030350
49463804
60090710
9305284
23211328
81788014
61530199
33216697
66750359
54075715
92024447
74411416
64858136
43859948
10049710
73875364
2263832
94588052
38326954
91669549
61291926
6639382
72169716
65906242
85558399
10480190
81774416
71757406
25234343
51995219
39703225
9408457
81108005
53838398
2917731
76120903
45753736
82192187
85402400
6158430
26730967
56294344
79412626
67235494
58504156
36791126
37366682
87774050
87172148
91299136
71944037
18987761
13017162
25239839
38988958
42091793
80564006
79544717
57164072
41435371
98793536
8395097
68791028
41659636
95013819
91658343
52425844
57579847
11610160
55559131
54932941
76035554
53404167
57762349
21684457
34514478
7351867
78009157
77066004
6682883
77209687
89495438
13644334
35012155
95402107
88077255
73353338
71909696
23192875
73021754
80743802
81062945
48863511
60212389
72099172
42414827
96698858
88782835
45695921
93410369
66485027
73144180
3852387
98675929
96391065
60492277
50203808
58201198
43487692
86772196
89358063
5618970
2275046
86459058
82345978
73215762
66064175
29262298
90006986
38791158
83497776
7115496
30220675
40942478
68134906
91787625
8797921
79424433
64455770
27577589
4346409
63716039
44194362
37517888
57013001
20753728
11913934
33808987
78525715
79840994
9193514
36335492
73157729
92504221
15768751
90009200
87504703
1357940
99830705
97076508
59442734
69675888
95381608
61650282
85595584
27157766
75460419
85811248
61134479
14232991
29374451
40913364
43850444
16265381
67175373
2524178
65014448
99402971
40759612
79760135
39283750
50625383
53116808
34019356
1094104
2774492
85732105
6927762
43452933
80239722
61625741
49291402
75480312
64863407
42278116
38150555
49161309
26718303
60011777
33254143
68487035
41852535
57723520
36598228
27221119
30373959
44732919
64654194
93029393
28161222
20753889
42144844
90681711
6098683
16276105
4786150
63703510
44924847
57119966
45847725
79831888
86458057
8800982
73495454
18352781
61889572
71480428
67528781
15072875
38793632
34108061
92725363
48445142
47863475
62457700
98757060
27959111
7405686
43060437
87061793
91075087
46285059
88510800
85753371
24999509
15227516
22716679
78803044
31208153
68048683
87953957
98207520
9870588
21828664
6278888
82112482
77035849
92532710
73494419
66098684
9335938
69943279
38555699
85831647
23917149
81882780
66300238
90557951
68110191
88818300
53080571
66628101
43181766
17221760
23692956
13454917
30433493
64871375
70484356
81478315
14304257
78964514
62792824
52212624
11729067
82295986
6187112
17415500
3855738
14560025
17319552
86656016
10215462
55229962
33280572
29815024
33146247
74559168
42106416
50753569
61583481
22839828
45672556
14673800
75884428
1937259
37581042
23107919
70245687
57259823
64489045
88231198
20189472
98408137
14208975
90125705
25022425
46343659
41998333
17444044
66525063
66214935
94384509
89212992
87700074
21943944
84191021
90542939
10381072
51002684
22852471
5787096
53977155
20310447
61776489
86307812
86605074
81791300
39262538
60398561
33383448
12552211
48222592
28229168
85679171
14193465
68428856
53400167
88174975
26241836
60493943
17940468
10145737
93690646
36916249
62233154
63571136
75390205
69190011
78011098
63540130
12746847
39311433
3741512
71434083
25631963
79791819
56467024
63827175
68942513
19955359
43047813
92372945
25505411
88329151
82192276
92217679
62599631
50494080
41856738
13248118
15901067
24396944
3562206
1152735
74526377
88062305
29275758
77983315
70929259
8481175
84633194
22106162
88600605
89862601
8134307
84455742
14781708
62813296
18727894
42667754
71311538
32926998
3266930
10420293
84453964
77384549
94873054
65681483
77497319
73991752
52846101
34889144
33608940
76490065
60109569
95508105
59600727
18768107
28611971
24516374
26742183
32360667
61108010
26195277
98309523
42543072
59838468
31560379
74453834
8494893
58981737
78438148
98893194
97820558
52236581
51768741
68544849
55774841
79036540
31749947
40866255
13600849
44930534
6644964
5821045
80744329
43763174
89022033
92667314
7370749
76047364
44927814
56262003
37846115
70665966
83418600
85259360
56856230
28470072
40245629
34567083
30712889
88244604
84143820
76344801
99985572
78155235
75205938
99095478
8695775
7353771
84157365
56386755
3641679
53900205
56785184
28292011
42733836
83058106
2019918
23313475
40430009
83295477
76852554
70772298
95081856
96235522
24230587
60764523
87449322
71336468
44087482
97114794
13523185
1969659
84949174
42563093
20223251
29472605
86668083
65803058
7488337
64876540
57316609
49947156
78600491
14799084
6362087
26984914
33014664
89967525
73528797
60382222
46480013
84556389
65700378
35322743
19921991
47401356
30037625
26483917
52448439
55823011
7800385
19141619
73702182
85393136
37776419
54903073
58924204
58979406
45663174
65421186
1896023
22425798
97671098
88181735
25201289
22694629
55500300
17170559
4661319
37171398
94808019
90720527
95185143
394696
81003820
36369901
9849472
65872117
2419226
28929034
57704941
52231860
98767217
5936325
75953444
24635712
24507385
93035863
92903009
9286041
53079694
33015754
13964668
6459346
3921691
46929067
98179412
53430234
28255145
92101046
63329964
64181542
69688387
37561301
88972481
57485028
9888181
45626845
79999820
57092141
53103655
41972568
46880108
60824317
40846461
78089712
28710200
76101096
58794691
97956418
1345951
50495481
14500829
87832332
4896213
8022623
59497035
73041786
97925044
9156816
98771826
15678210
21422414
16155721
54540472
95452871
6221929
1097775
10437783
37058229
12782977
54130089
33907562
61646485
36622608
9325842
3386852
5539230
3001286
7645641
47594993
94077454
79081137
47994000
42615185
60499693
63591927
1854238
97245609
58406350
22789548
21201909
5042473
38838867
73182017
88922415
50962658
74559591
27492741
6332914
70198165
36591680
30807077
26630062
60936893
15986482
89695388
11351801
12654558
39543491
62052137
77972863
2096562
54151029
34427913
37475342
89998151
84767272
57234752
31387091
10234357
20622721
18982239
98326221
63610567
61977893
68702889
55695349
69399107
27341644
3105055
8933032
83946822
39041432
59293035
21624688
58586401
63326459
64237741
89987133
78284722
38844789
74127799
37905336
33877766
72545536
99295810
28906008
53472390
17492478
35569411
57628305
67946607
59706106
44974167
80895291
62697615
57708476
75740275
19208686
66848215
55410537
41411061
61659732
9752888
97248002
58394770
8540086
67439877
36431446
41877276
66471126
56662641
24563249
47507547
42124811
81318942
90992053
56830422
16200828
86741025
42082954
94821630
10547391
53115959
59218632
13424739
29571191
90746164
34101338
96951472
4774060
81196135
52841186
8044565
19361665
82470478
73861610
63994014
19671959
36053259
4438908
43188246
81205244
66249104
78763938
22226964
39594514
85397776
41524192
4011043
74574045
39219143
23574033
35031988
85276640
5890405
41797886
13745369
27665010
20482658
89208323
56260424
58645178
14514734
41096487
88456541
15905580
98911962
65066791
35096932
8338984
35491748
8299697
32758390
19023418
2230239
23648994
2957072
8248344
14547692
86654870
56400434
38530634
93887824
65677236
14096983
62465052
49460114
6935435
14474012
64893482
11762866
47447354
42406689
51408355
44673495
50849337
38167939
11230590
18921807
35598585
62011567
44188284
85888904
60246601
6223324
55178475
47580596
4354879
