41828372
93256781
69280984
10852625
98387753
28884818
22295637
46746572
55864033
12266743
66099551
85365509
80473500
15686471
93446671
95697385
75200939
58561646
13896794
16764150
7541152
61176042
71037101
13528223
34690773
87688125
51729854
53260325
78337380
27436231
54689649
25168694
82131626
69124143
22395088
98303234
2325140
78419695
38137716
60023121
89844750
70417098
33415695
21925055
10980404
67906972
11766872
83533117
4196466
26664651
46459202
62323272
90635408
62532051
65301152
88688610
17295624
51131372
75203920
93546624
2472520
43481524
18655322
12801557
84277212
38158023
30493575
43950685
19246801
60645055
77263728
13712471
48523531
68795151
44698944
70543382
91011232
16275385
16439692
49970700
96729159
34203358
63083021
34574589
76841077
26534345
38670505
73878602
10417102
36172898
21660145
23326350
33754514
41333833
54888729
8043962
51139490
14064497
5859704
87765
29595968
22602339
20187467
48195055
55680046
62626963
79332504
98881429
3136069
30938156
58399491
89229006
43076261
50936160
45229147
86924354
44830368
50527557
84060892
91169116
34149826
55706031
94366544
42599687
2773988
36366802
50727202
27408352
78860819
44803478
48319365
72224705
25283276
83542418
85763547
18333765
50947638
67516434
13232698
4590673
7906236
73914444
54988970
37791557
81114501
69463740
58569325
95354265
68184976
68639888
15759295
69664881
84394503
53695647
44064150
79315229
77218746
41454835
33705945
21940607
13565471
59521330
19157715
27370040
45968960
91705965
52922574
31877128
52122409
36676141
77207234
73330275
53247872
82430210
36116952
81765842
44835247
95050763
44058495
5897791
69357575
86042695
35063373
27194838
15654468
20022222
23841588
63834096
94561322
2523770
59213094
85205854
5411611
47671257
12767885
91728646
50534791
64725850
91075568
83729132
55048805
64576681
96568783
47524539
23479456
84977598
88614982
32531922
57224419
6454214
27738803
65304506
70359428
40654189
31001524
78575200
9524404
67236738
47125484
31938962
76488662
69519936
10315983
14529864
51149998
28719970
66008265
56314117
99425723
37232981
22721764
89749316
85952246
56849627
81059332
73767797
13425319
3664039
20246041
38547285
47050500
93549991
25506759
57088253
85033133
24476044
38208372
5960871
41570098
70473617
32380287
29658640
13128236
41103233
10972174
96353074
59714679
19787083
77034831
60408256
24306203
15069963
11031329
61097496
52587758
23253714
27050058
76258890
55692125
6373554
36825783
57400234
53967087
24416819
84823484
41072584
6614892
75398723
81501782
57661211
46767813
69390561
5352199
96727850
60550339
91847984
14448903
51633381
27165156
7934867
90302851
61857371
16090022
75809827
30619538
90176199
69131601
49762954
52712169
9758501
15920827
95538043
29072519
2454263
52381105
53552671
58240126
83401228
32953385
73791858
95574910
21903291
75360794
88450782
78895892
79157445
28191942
65160953
80877478
10035026
90696285
56906242
30412860
8613288
98269301
76590239
62172764
44268917
74242721
47671768
50184675
16339613
69287976
90543088
96079263
1811191
88372838
85864131
50771945
97217090
56200262
79341087
69871003
80604561
64780080
98466320
668036
46600784
3548513
45279527
62568740
41634095
91173409
72821981
2074449
68589914
90510040
41914385
36675648
98914110
45709161
17587635
38074364
19882678
99258838
24438233
10715312
92108869
64158631
80070054
31823536
14731023
63222441
88082587
79738267
74557407
38758990
70225277
63038150
92776994
29973088
28784616
65564540
56433881
40498342
49275987
19137480
90145642
54327519
49274858
4360358
46427029
72000669
24564324
58457261
11515570
22095442
98593671
71307005
50385921
47912015
50527836
84395057
36787865
95526937
54335300
57214508
32069363
90657126
82593871
85847972
55057763
39973654
29171456
49343127
62906331
93688475
79662979
31535763
77102424
35593718
49847719
62244433
157546
82390684
12434981
24919919
78597201
46794186
71875000
95853989
39603449
99385663
92780687
28649598
92473765
16685511
27992784
28613940
90148815
49328447
170160
46687655
84401815
92446852
80744931
96065019
68923619
65192663
54055738
53196263
45937790
28142774
452687
11596833
42111427
91050199
35116947
40193773
72393390
30820561
87799934
67989590
51229256
1363971
76826883
68840484
58735192
41827816
97520107
71830574
3529806
62529053
34446131
96043943
76883855
9818254
92960479
50064952
63522438
76473464
97857216
55635269
70554336
5163002
94515585
25936626
30950429
3917200
78334464
63387072
71417128
48437098
44280790
67414129
15515916
36561466
96621368
87504237
67171390
68588828
4334547
72602555
39639515
85796602
39050184
10982407
95664441
74583935
16936209
75478371
94654730
50303919
11348139
53810552
96567864
42002437
51063675
57745669
27471869
1233245
4574987
66182599
27357739
76702347
9157734
76142659
15720706
40565315
36624767
10517097
74515079
11861201
68568197
22135041
96268520
30955793
67649187
94045061
19014163
22784904
38538694
23663124
69303569
44674906
1179173
34430148
1579587
55259824
97372228
61496710
96015618
44391781
43644407
24952979
20406611
59842912
7983976
85903733
27745616
77048508
48149349
64960172
60339931
90208879
28059521
87037779
48426205
6914397
68736176
53917956
11007058
54889486
63510858
98606041
38213889
77972704
87439326
90846577
89910099
30855972
64686694
68066526
76886776
86286470
34579469
28419796
66109818
92209219
94775490
66003006
6059076
69489272
54495762
51772127
64334867
98502999
42465160
71827397
41566601
49240191
12605036
40856454
24151261
56731358
9903628
97206431
2979457
55936438
18160809
22068406
16495294
11270513
8636921
17027932
16649636
22830870
84320909
96875680
11558811
15342617
85144455
30922945
50688189
75591630
36000088
13598304
82639336
3914641
8869559
20457345
79684548
28315565
94561865
92430648
67650843
98893452
24735631
72049522
22558364
24844626
35853262
68577276
26432552
78620945
37565000
25056246
21186017
21071947
26764817
74236192
423947
59920114
71361830
37776387
85160663
2708800
71320197
45806979
94883072
77584481
18648289
91565570
73624150
40958993
27422044
10937737
28894334
70940720
18209611
14088677
29639317
20696510
61624029
34819644
77276082
43464899
46042353
51731818
30725550
98266431
26068062
36482961
84258292
85328723
13239514
18110613
78505734
728539
97284913
60796653
53072108
1906172
36792245
61301373
52699678
49936474
83319191
71798314
92120785
99198356
30186927
94613410
58552552
32511206
57151535
19134747
97042746
1361712
38128715
58676367
97693659
65787168
84513910
30317458
71753516
22391009
27163713
36453539
84839548
1948182
7535415
77274219
22894264
16731671
7458931
82069656
29245825
21269866
69371200
88364602
57011301
59860155
26988722
26324040
18330331
50605932
76927603
91198795
12344967
15967529
39216851
4603149
91799728
99275945
68565352
13622285
94897670
86452392
11790512
19578966
20842396
52354243
48908603
65010081
34998833
83356210
39791839
68797571
15873751
77621320
92168716
10543563
45749324
15228974
69238100
1417000
85835340
7160906
98675268
82374056
332689
44811232
724742
84090670
81256651
4588651
89413433
89964238
31029333
24944978
97956921
32920785
26597476
12517146
38647375
29141095
98144635
27805355
91405761
45829059
58651716
69496340
12563903
23089224
89788195
71931874
57732747
44806957
67632398
14560953
82346829
53850372
80088160
63204590
57492218
66110267
63631483
67441345
9900965
73258031
4915841
77117020
19459022
14261290
63006659
27987125
7229472
82513828
30589658
53607736
57048819
63900468
78678667
90803216
672033
61253020
17970888
60030853
64896908
99140223
19309335
79430565
38640193
28209317
80575565
60470496
20324993
8926993
78405736
7828013
40041728
7141327
90318146
42925725
18887747
91880769
22028651
77876764
72117753
17214731
85307434
23368732
72440181
26220967
91867375
95149883
54070826
72125149
71847514
56335884
74853159
96895231
19799911
5719645
16056683
75445536
65186211
28768390
29145718
19218441
72910648
12097246
63785871
8386222
97128977
98819825
39890592
92391495
74510709
66153457
70130036
302430
22738973
45289323
5559479
84377492
17828690
24369812
98045750
1157260
64863164
12139751
39340117
20807783
16820825
1284145
56530730
85042868
75906302
47425104
6079683
7209114
36475479
95356063
58203194
87275801
61033828
50708544
78451008
9982694
23927000
39815281
77466276
60964804
36076248
48497991
79972762
88926251
39886701
102479
36386181
78345331
99285556
22230978
20045433
8878914
12734
72055987
20234601
44289081
815353
37580129
67314960
23023477
73560564
57867475
97296443
30645556
84945863
512394
46262198
84525052
77339296
67603916
34965702
76921540
64027135
76592500
53647914
80768580
63397764
81612269
25626223
1238484
48858605
1037383
80466641
5976916
14924301
33039996
10899023
26592347
76625056
12200480
6877411
88252498
26208336
80982717
90090011
65847004
82747494
57851153
31741574
87571820
68842491
38139578
67938033
76130451
62041132
77421086
61819019
73432916
69198629
98083869
11174730
2552680
2884504
4299041
41741231
81021984
84667381
16001132
82349034
88152908
84704525
54421968
26325622
21985472
67328888
70056341
86532921
6396227
46346974
92685559
73252439
89183085
94366314
71113855
42341566
31194124
62102138
24256276
69886011
78014758
22610517
95122632
86106626
14833724
5948560
9586762
3951182
36050985
68820951
73842127
66855306
4048827
49454445
14449604
98633272
72112056
1652727
63441288
28562997
28013448
98876676
97019070
34611392
28410595
64251056
94272986
12478198
65106102
73542109
87065577
45085713
44972437
81730828
559998
24483057
28321045
10455363
65886362
86105850
52034054
59693069
12054754
26647174
75379172
76697585
55035685
44448759
63048233
65545674
64712525
37115428
42909183
26673829
59216529
58528013
11515522
12391489
37681019
92808205
7642982
71683491
50203207
73098623
99468747
13336708
98240032
81866982
33985239
74424757
1620407
87532485
79412971
65461749
27433224
77696522
45526469
16318591
58514344
84244813
47676399
43284790
96962318
56099456
55103528
24727774
50531328
68331330
30142815
40592717
12307428
98816408
35248427
18579658
21260736
78475685
88389196
82412549
79530126
64987203
18175171
56414660
93501496
29017148
98429208
95961583
80095343
18653560
88422474
8432417
95168357
64623785
6812246
31855342
80163905
13249368
11829811
5776870
90982172
27081934
93010383
73312096
46043513
65703089
40818948
80190207
62304066
58191545
25545778
47899057
76755829
69324190
31900398
47440040
29954940
7054066
57732399
17624930
13806317
86754320
61669116
27851134
59568415
22846168
43341055
60427781
39236757
34645462
15075292
26840781
60343875
5171204
46194829
83047626
64585177
84407716
18976356
26079695
34047160
78230371
96656794
84164516
86448519
48313870
69977463
23729740
24820029
98088195
8799115
35032503
80681013
37260502
86895529
1885031
87800609
7676935
20260232
76194964
33109483
39937422
12902844
99819777
9430785
32057881
87691225
77576418
95691775
18434675
60788848
96883770
94132219
3433389
67444977
86031701
82423356
48901666
72821151
36209858
72135736
77204072
83569996
20304281
78386391
55645183
77265943
48668002
44980418
1636574
69187680
78215416
45943311
13298383
72185197
51442587
58099234
43582618
87434838
4034904
97628805
32215439
81060950
70650488
1008885
52396966
54899928
67406624
93916974
78554980
60177386
2754662
28264834
76626927
86650377
32782974
57413742
19398239
45127114
64271072
93207678
30424574
79418065
83995527
66874124
37867591
17688021
38537396
78125096
91683563
99553500
19820715
64808112
63625093
82462219
99749475
17337409
55389237
12296229
67424443
73248770
63718121
47005623
42934930
36851679
25217630
85373478
98918297
37645844
84709176
30147292
17977344
69815864
67659048
70237293
93417228
63069050
79819997
71362437
60353107
4752411
2346206
31280829
64464597
89645155
99545781
766048
87218074
42317503
19432667
50039827
42986122
76005961
8524858
99933503
39896812
58454461
8134163
21525002
3729325
55117327
30537525
60025748
17497324
72552172
99244962
40704621
59872168
5204454
59022868
44701195
49234965
67475029
57292833
29915969
34356016
44479980
47757911
59351209
94306835
12458296
13373912
45686621
18575836
87092023
92053473
64401656
93741571
7701457
22516049
97000680
56762591
3902052
81312991
61845397
15367331
82640855
74989341
90146560
29003458
67758758
46496824
68017598
53325351
86180001
13338709
10976465
73794188
87325898
94315114
65582185
96232360
31418337
4282483
47298085
42887892
6938844
66713251
88546924
11666265
92217280
39535512
36533395
76881074
67342035
25297561
10681665
44894528
60843648
93675024
96400900
20967063
83068287
12203531
92538471
41772886
47494579
52185602
13308807
44621979
99818957
54034688
72041538
47600970
377846
44049372
38135457
1372217
95024666
65462552
57637564
66732759
92455865
70713625
69173603
75150384
45322744
49757277
22710843
41603839
26299833
94272400
86682166
67342724
9658728
99019829
75700687
62701492
3591296
88125636
95736874
62594770
83238118
5380776
6994902
10982492
50645024
63788349
39349405
33567131
33674147
84023274
29885554
98475385
71694987
21925080
5337333
17112301
29102311
89460451
347920
1526669
89647850
79254396
69949443
65704972
12708426
78883067
85169737
32116250
74514020
79288686
25189067
41031687
91926740
24009894
32590819
67575276
7582093
47042940
74820342
40913563
2170148
16061614
39617595
81298407
39499358
39076398
29727211
77824473
70013733
45837414
18846771
85297383
99839170
35025953
67512474
78675522
73553073
30303979
80982519
66411485
5177701
35568538
1977263
93917143
4290176
26025342
81338600
62128980
67426106
87487381
95055274
27351112
23765650
12322878
13194509
67891171
95433115
25567084
69983429
92101245
68967377
74335690
20832911
37943384
70012530
90205726
58064368
75490026
4381861
51912506
89494902
64738383
17902117
29087566
54513918
6201888
63769533
50941598
14557312
39381420
47246248
3978381
10128392
47700379
4503874
59207461
91236567
66865077
88372446
86790858
87325787
15613593
83840694
78285158
57201367
64931259
67117165
16729821
69352362
59456079
18343461
76346183
20050296
26508563
28165203
10153810
77757783
18166163
27829274
32255825
71663005
43234966
23090366
81941657
29788631
66592977
64168358
86249957
83353864
18348820
32651772
58798502
34065682
42826658
7920497
18717326
20689675
92381975
83621426
36083968
56515869
55421859
28318333
5798022
56331245
19085243
77241488
5291709
19065510
70615695
52006481
19739581
57630752
17998197
74210118
78893470
96417176
85071285
33352862
1948115
85738415
89864915
71259119
62892508
22468824
59770340
65998084
76509830
52952709
34226668
79816443
5699101
75473203
80990339
65463644
69651854
45845817
52189410
48379587
98493911
79350035
24106309
63047540
42279921
70156366
67452269
67443556
76569122
81089971
73953501
13257581
91906797
57542173
20132577
16243680
79237103
53790250
92353657
1235675
8852406
94645861
43587829
14166185
12412313
49156655
84055506
78729494
16147979
65196164
75395290
24950876
81434115
33413222
96830145
20584696
32834916
99211497
96769600
54198407
66900732
77370041
72381440
85354625
69182636
14334533
84747085
11555496
22841506
32438067
64766722
79139699
84027912
69014137
70581518
45098061
66178143
61179664
15951794
10036458
90876779
67244723
25854502
73573255
91381367
21819710
25873551
94887600
47657553
38818056
87853283
77835701
24068463
61479970
35351970
3713719
34467727
47695599
77528867
54877828
94053415
97525510
68446926
89102901
31409244
72244831
59129779
3945680
58448625
52375960
23472013
89292272
76325923
79380396
67307717
36935401
80393177
16709093
64976794
20003
21975616
21088542
63987377
91122230
15305802
26090800
58913951
10668049
51583463
30147700
33897077
33073543
31083506
43622689
65589333
93448815
13240925
40369658
16089552
47374422
60356521
17533397
16224214
72875551
36232707
83846776
89131809
19079657
25525859
33698533
29783728
12268594
16498996
59862356
781822
60430509
41465362
50204654
80436624
17012427
48756020
89324075
5311469
66507612
35551066
94081689
16556979
72110022
8480717
31850026
77169626
83601180
71712618
50602241
42032534
77168864
66008694
26559460
31337881
79583624
67532084
80968371
36310091
88713843
57083165
6480853
29333957
50353790
61396445
422640
45251971
75428455
11374225
49955513
8584057
6007465
4967504
99435944
39251154
54163782
69882258
63016516
70299450
63829800
82841865
55861020
11797789
28519824
93715557
18303255
46293509
43019512
63954006
6122174
95275879
65516489
8520726
36617939
38647851
43298034
31814509
19969100
24424847
39520733
60415851
74130819
8980440
95458494
89849603
59407426
87561228
44382230
49292931
29888157
81038362
35031255
955186
77640583
64982409
52323215
38420064
59414590
18896230
17298222
55243918
63667345
5921410
85987959
6361902
81391069
36334731
70234093
24890855
37167655
94262433
97323192
67876093
89762205
7760386
53404453
78575932
29764958
45625440
26405590
44806264
62037410
76541037
32635318
34954241
7839650
69837983
46429534
47690721
16629185
92171044
39612548
29495704
51638301
75215852
47524008
94942874
36935790
44493256
15452310
84022176
85857874
63954006
19556948
49469469
60505115
27317109
6391040
95689981
75013112
36760208
43824092
97349972
81624733
29255945
68827945
20328386
58838815
69576588
11072679
56979546
82937201
39579849
73931411
56896762
81744804
21536676
37439146
30962123
19952597
69459738
12950093
46476690
85025940
94340837
52261453
8611747
8396139
80963533
30134129
86875687
49503252
17638661
52058054
52079013
81920174
74228422
38589767
89452191
84972495
22333590
47528355
86114649
50668911
45117386
33988727
29806806
50954764
90980627
97981830
12875645
86407805
76488392
96797516
12685859
94366482
58405913
82665480
99284336
62702037
70303634
12055405
55695915
19628229
84898583
43856586
19585126
94071967
64005644
59329666
51030486
81133767
98177284
69267332
98158762
93501992
71069819
14379074
68824447
33288000
92684997
38357474
31182664
17113587
65202140
61861002
17713715
10999119
78867004
53603620
70963922
61264449
43493214
87802311
81598161
37218594
42903375
36453679
68543387
58225972
20824790
93871813
16856027
42733992
91535409
95831089
85249771
27300910
95533239
62785987
92366824
68602745
28090244
25283720
98456320
90331190
91379146
99474601
92114067
38705292
54292182
13261701
86800623
80526545
38999426
88395493
47587328
29830139
35218148
85197012
99094956
13663380
61835485
96811710
14309460
21825493
7248489
46184173
57637731
80239601
91854001
76156598
25493179
13645444
7150099
99931114
4409882
39001102
66944500
34624988
45764369
24016398
48312461
97513119
88695866
50633542
12096696
71099400
4914872
28198130
22836581
27377617
19003463
86899668
59764105
90231720
38563898
19482276
35646912
38536636
69349905
61836143
58328877
224549
52856731
39376024
4771143
21403093
33152485
23058440
47513420
62194085
39206158
31854547
99726728
64444991
63495924
34747555
11621608
60041720
22629464
7821110
26360495
20299438
47864263
29432701
82856829
84867765
55279693
42135865
20247190
8631502
24677997
15515669
5853059
70202129
8281711
59089206
48687833
65367315
31760063
62383670
98200348
84363115
42373017
80670512
13258099
32521050
38955589
96447227
15833899
12438238
89041871
84874443
10201087
47765919
65866248
27263711
85091640
25336462
22377668
20212558
14500237
79206257
73150067
53629291
61691709
6504342
44758446
94465831
45985978
29404576
2073460
33340229
78121741
85345557
79579574
52084747
404252
43599029
41783323
89661086
20513268
7312870
63435887
50838583
65289842
19341055
54074918
90639006
54206867
1103877
85394505
41909735
3103970
84072607
47006439
92686606
50275550
26407195
62776807
24088903
97189285
11438883
48160375
91155947
27428641
83087424
24190191
38872994
98807452
59278752
64422224
84552201
78990704
45646585
23819786
7391175
66423488
50139182
41450855
67878760
83047581
84012901
30189159
95049130
68828646
92677444
87603550
93460568
28841728
69465733
42226179
1900261
7311091
37496658
93528432
4156833
82088121
82161596
61294211
88912406
97422141
51666563
25561776
56736764
78154948
80187290
37217168
65525746
47021055
23032498
66189019
601008
28255104
61855341
21848692
82289298
91939017
7378656
6774615
78454292
84937240
43092405
50581947
42710364
87309423
86521436
72815717
55594405
90793475
45534644
54642162
59583309
18862475
92220440
19635541
1134604
33567847
77768429
67649680
16413333
49223792
38892579
14806358
71061040
88537478
43270886
69462017
20918136
36579438
26037025
90154174
12334355
5236535
26647002
22110511
94216533
28731082
27482469
26929581
26962583
39316494
94500252
44104067
16516287
3379483
86117091
20291040
64741186
63983097
66192806
70519139
50022777
74792462
91736932
61438668
97257252
34631878
47817123
32631976
20244233
83680761
46251100
47234462
5364326
75490005
18886789
72595930
44127777
73247634
10726782
74178486
57561551
4984326
10116208
8828860
31378449
16163714
76342711
70403608
5158274
1832082
16659908
26529576
42681254
20008906
79770377
70623860
16258027
74154984
40440158
58803494
62417946
45009438
44580325
11641739
88662299
27245630
81285812
97386994
67143358
40325846
70428653
2013354
70336127
94693819
21364723
1066523
6547517
77991860
52612826
53400462
99043745
59240820
12488162
53016896
35123401
43939202
49942038
64803764
40415764
25373801
93945556
20527344
39811145
70632089
28422305
25845489
38350818
89890666
64789422
48232052
79787181
48966280
15128584
28998248
8961535
99443936
11266203
96456896
26980171
15414275
25173628
29085976
15845202
67633275
76991495
99937018
63049490
55420740
34790857
77855394
42094033
72092910
93783589
94511000
72134361
71400370
59259463
61445559
37369232
74386740
78326076
35229308
94461357
22290107
3978240
3822843
93314107
44730999
3261243
49778846
88513511
12143790
7095343
57491245
41879287
20160360
96754830
52069915
99274484
55476502
80919146
32500016
68096244
58890344
10099432
36313275
42380056
4584897
5329170
79934036
71414888
15969458
2586921
43115500
67480551
19604316
20801047
75866743
83831580
74547271
7226300
71961587
77500367
67260857
22789740
21090307
26063125
50930180
20804948
64254558
69167500
87500320
21082461
88404964
48130938
17479831
29014671
77694506
61053318
9035289
94795136
64924455
75984979
30360567
33784436
20439031
27119040
9154040
48651974
44323661
91046606
73011915
24844050
84167444
73596294
16485524
67131208
96218243
49291104
11547118
56868985
36211293
8246881
72677657
58874926
97737246
76261212
17048042
32558680
65076506
81133663
4700285
98116760
71252617
57255284
11174547
47846455
23833500
20272439
25946291
7670239
83994100
51206495
197730
9515601
68624237
61820216
34565658
79094590
43343002
54468943
6509689
93246756
85886408
96714141
84033593
72434649
24567485
26777211
42796486
99770059
23769265
68951489
749612
96651446
51964352
42808823
44492175
80140180
29884315
37438349
40657952
93559872
87023822
53298879
21772217
80811614
11225376
45334434
97895720
21201961
33369951
5667622
73545518
60798269
28328093
93837641
72835480
39676571
79223447
51115162
18945418
57376261
75577379
43476811
64929003
73719023
22413635
39994830
7474281
85824638
26254652
98891187
95252969
46477675
40433320
29208533
10189754
675476
61114005
49727018
75430771
47125608
43282361
82302233
26766623
81190462
57583219
14112596
11576659
87799
38538477
10442468
81467950
29400522
24420018
11823547
36004089
17220740
7225223
87424254
25267293
66956395
45856186
51132834
63459252
34257889
53928185
70746547
12908236
21263253
19405368
48541361
51651932
82601544
53557865
17045174
27665524
70597862
7680754
67003221
40093053
81017441
46348238
72048774
93956809
11544871
81700477
46194340
23630045
56492736
89531211
77134092
20572374
8488415
50791198
93635515
24850589
56412646
88313659
58595955
77151449
4215307
30807135
85460569
29017304
40697882
29137245
84198402
61038345
13677285
18949399
3266275
94247066
61961019
60638346
63811794
70912313
1031840
14362373
89466794
58843437
64517972
83591675
92418113
17201018
39630889
14713969
10620148
32669967
30292908
97522340
51539587
96651241
18331429
5266841
57368067
53464911
55780324
45899275
30146750
925716
43874308
48209672
65989622
22549309
28657290
4827815
95508662
66640894
92354197
1118230
30291880
51295902
39685623
18246246
63459182
19872289
12040473
48473378
45872555
65720469
42195873
85672903
675141
25330866
53473261
22493916
2686687
99662949
18943150
41942058
90792261
41599165
50031279
46730368
40215993
4162073
52547311
75405771
61507205
24207330
98329667
96480046
13776186
82480018
26626657
51288150
85725195
55115349
61897289
73851733
68201050
68175979
24818529
56808548
87766375
71412916
55785294
82454130
61909254
5688610
720398
88189363
28152661
95526247
76413609
53546175
98843367
6869338
88906204
60561818
60385304
94526073
33106394
95745672
28021381
344516
16225565
72818400
91631414
75517011
38974161
16095703
743305
53440992
93511175
66471387
37812088
96106038
59897684
31876584
74652678
90833588
51602485
50860720
13968210
42434511
15197798
61870413
78418678
70662112
81751090
47183521
23294394
26428442
52656465
49744242
5536866
88732998
4835518
37212615
78910625
62086200
19831219
20156004
65027986
47007085
5778223
47769595
57823325
31232085
87350391
79933648
94307858
49784414
34284823
50450981
78661309
8652745
83790931
1904380
991005
44646807
67270310
81908465
57911067
86237818
70990817
51103838
77514465
35813856
98337265
57316947
98631761
24212746
78963759
33419070
7993386
68850163
62249684
36177167
18956552
66912280
81060502
82124885
23146249
69371873
64117617
83108265
94428414
20965019
14902756
81586412
18883055
3234369
24531221
64332201
26872859
56390997
73822882
3846495
71319898
86308637
28182122
25046080
31671601
61983220
70019936
76545337
23456396
87280414
26399126
59932508
33731709
42359719
85449993
88721128
54321706
41199324
77533039
53167451
77929868
15940892
5354093
59975840
81831265
6593185
54844677
66862428
62914759
6771149
39779562
72406932
71803399
14367355
78194930
25709327
64652939
30852649
67129511
65704561
86721132
15179538
12310408
72907069
1618814
72763536
44837586
22691813
18449827
87438655
25016532
31120557
43864168
95784912
43513502
57506486
53990076
71340940
46573163
61460027
92068794
83280504
84368788
57376931
27251261
1811719
71160235
98822055
40107941
80866412
32059425
57186956
55258594
44276743
82769543
45941076
29364909
72790009
95197954
3669519
57984284
46736716
3739009
7813513
731741
65869225
63676426
40988207
6662712
47660787
18641824
92107475
6629941
9925625
10134516
28197061
79341258
71776414
30993483
90147353
83601867
56035498
21479246
57207780
73363167
21565025
95698662
7137149
99764951
78343936
19330570
64624281
45481158
70083874
88416501
34867092
56436031
85520118
21797278
26160256
56676993
87705492
81026191
55230364
47405625
72824430
46874562
67357138
74769845
6106561
56846072
93477305
95248862
75031330
12992785
13452190
32237132
12798684
7048852
90894585
1041616
75264272
67900099
99918387
46923907
5871450
77537792
14215468
91763995
18553475
62861047
10526391
28953626
25145736
32928657
41336891
70699168
37647209
84579246
60928452
43856424
83306447
7429200
54748478
44668725
66159244
23731847
3530051
94604702
27039166
10989202
13037773
73603921
17038017
26981214
54900597
85191290
93044192
68958220
35731889
69734591
10743874
27440624
36821526
95384357
12493123
60589979
76358396
2623736
60793295
44568670
95269183
22315379
96664994
66739940
65454803
49223858
78440317
8194375
33589796
89293309
96025827
44962366
80879293
14062545
24980948
1214668
34223392
79382165
10216432
59446599
94669780
68749314
73040203
78659680
37208225
24129247
58763176
11505933
29588355
2908327
19477987
93616894
23624985
11020197
50871019
63279638
95954581
26130708
18532002
56250596
27251332
64537508
62424473
42442922
88833320
43463109
44484720
2591073
9099129
8299088
32479966
53202463
68990447
84975554
69979158
15072991
66005055
85804494
78664648
55858249
55799445
59192660
11962372
92656267
94115683
30219428
79307787
73579726
64316323
44971303
36865549
43304857
80162377
64975251
99266242
69854058
35250602
98875465
15570006
59095251
72515277
73470747
60927188
45590403
56799893
25866028
31494716
32032169
69528406
24618690
59853334
97571635
89235320
60517277
66324416
55579690
25612
86444436
1099297
57560975
4724751
61748614
69350883
71283795
32760772
24788106
22166728
6922901
67803788
33740657
18401163
14113055
884651
56781415
82224727
81075252
70708542
86757065
65355006
56383625
40179814
33904834
99946993
6323505
73564126
52558947
79039547
92966129
21856539
2631704
3559547
14521058
6140781
64818453
17190891
25294677
35723114
41296797
30045093
48276373
37627929
76069312
69443254
59041129
7209391
12384047
46473600
84524105
72033344
60279221
54338716
5480167
468185
29330409
17415530
13358
61928808
78825935
14386814
76507118
44137917
65259573
28109967
55128878
40758321
55775271
85564680
97261068
78009898
36574167
11892223
98439684
258639
601683
23763812
16388838
70608983
524089
91067163
31576491
96589332
36657929
80827354
8131006
38259108
48514354
77222230
52203430
21150623
9324090
49179613
55673504
23524302
16258439
86832204
86377636
37355011
50127174
88824198
3443378
42748627
96661869
75230480
91523853
90122618
25250307
14832862
42785887
28391596
25564800
80936751
70233178
13946010
13416925
90276458
24959264
96180298
20222939
28115137
19049904
26084364
35156318
87950730
64243264
31095861
14962273
36911653
69023292
66311769
1484048
14698769
4300911
55963585
60799380
71545469
13851109
82955897
52539118
10677868
45816368
48032797
98827233
59771262
19316232
39699597
23624516
44798412
23792809
90134509
4197011
63556779
94368209
23144460
71908446
4008518
48480228
26260176
8970803
57811512
9266208
85683156
86509231
78183053
13343330
55838937
92596920
17486734
17110808
51014517
98077297
35743652
20322387
71507787
71008497
15286556
94455584
49172039
51116060
21112683
50192802
72759013
30478451
62659835
1978847
17521078
3740056
75856023
83099116
82204740
27896097
15388029
37771781
43801440
56072061
57160366
43935218
32670853
78024947
94888495
23319544
79550335
86581350
83301074
16763253
64445786
17918973
73677082
17819769
74693700
15364450
61491872
99808298
31698767
31045375
37890134
4662886
50810443
47805320
98967682
225826
8417729
27618253
1292321
23773847
77606938
93858186
62462544
20106395
64214233
35791010
23072316
37520476
13705250
83337073
43866314
18137800
21570575
67427419
87270224
59758517
46724544
11662053
65605909
10459881
80805873
75585482
29621701
41643583
25286169
51873730
99308641
23810254
64813434
7906097
34733077
60924995
68144734
8521815
4361220
22666348
20038771
78065516
69692915
91627463
44516869
8189409
58245372
73133183
85268489
58913926
47500588
41005553
73005423
11792474
33616073
25254915
53325994
24414091
75733477
41874057
31771093
13646701
29668584
63364190
13635033
40644274
95429685
7318209
73646295
41559229
74772468
9922262
20362775
65136463
83680244
95306625
65253595
4060710
77727408
33218982
10078397
46663939
60099673
45937413
69943290
96876342
58357582
3322014
70485033
39375387
98403125
13931760
94694703
73944144
61952834
94646820
87721925
48548521
78471470
37134397
20248052
28283218
93089534
64638575
38158707
96882432
11644811
98655157
23718599
82396700
60491536
84027314
13630547
41527119
30592740
65022111
49917649
73802872
83814843
5503807
19660967
84772198
17018405
85517733
61541152
74059333
73284970
7554855
84184789
25060481
37690333
7814992
75165809
36598523
27064430
23746202
35716397
69681809
92685628
56411909
64509414
21244921
55512490
98590026
32747117
85458859
2632739
48308849
24631296
99988472
55629448
81320856
19277393
23692153
81179596
31238227
65435435
36423004
73493467
29098538
11979024
18833294
67811103
21089371
49016112
43627791
96405548
35865008
42040750
19078191
33512738
78359194
23739811
3908894
71124254
19423405
15691721
40151293
12410399
82657097
16784649
36625183
85313123
8330312
5109648
59547672
73919715
32616666
14512530
87210476
11643337
19549276
33904369
43270064
11352071
23102979
35945408
16772870
16325031
2507079
3091128
50929583
14015481
93758546
25057616
21610419
18300791
52635225
61030526
80794222
90413701
80117146
67509793
8008391
30526224
3529453
43965789
29337513
58921982
50435061
9125818
42880328
80891191
36257595
3851187
15600226
47667
62676093
56906743
55739101
36158475
1437269
55067788
64579256
54646703
15907218
14347030
28691943
48879822
34155327
4739102
63673546
5328532
77285203
7590228
39958819
65552542
86877449
72200887
93687758
87779478
50039350
97167460
65177008
17455561
48008339
75604137
43279048
34961844
92734913
95576685
30793412
7914115
61943001
95026613
35165306
60859430
47319946
5675090
45446577
85960809
67554436
77394915
57686757
92937858
14008992
49624026
50731936
76019975
89962192
5364829
90410140
88288805
53400567
28230868
48482014
11181975
45744581
75175180
27399570
78408416
78200
66671726
38128223
83130566
55932486
62009716
95615328
1312967
62241573
78230587
48215983
47054491
71890691
3961654
70057464
68114382
267031
48842253
92720097
68842181
19629361
69603292
22535558
11018380
2884487
47598613
9677364
12207477
72499915
47016928
29719669
9267763
53904939
43898057
80383310
8370717
2987764
5486484
54746748
5885649
26472084
93606885
84020292
9751526
94823925
92678864
91778203
16976224
30893017
18323078
5611456
24172825
1135342
5925317
54111907
50185199
59548622
11049302
11172516
7997007
35425171
17321725
9886574
84253417
22098561
73968022
99675742
30046819
8065787
19861968
76894289
3146890
24867310
69905881
98277540
42900283
19318215
93774931
83555143
64906046
79140265
35998979
55988198
70089540
35269667
49338324
58779967
94896018
24841193
87005141
54277751
36638177
93871603
54512138
45697797
98508915
70152188
78967063
87971286
74163239
41775267
45241511
53785086
28597329
81691806
21041098
65289002
33895862
75742649
36416838
20902357
65714151
24195270
72563758
31609796
88466310
40649631
94049404
47529941
40732843
51549160
56737323
41599144
11910807
31948355
65549681
86724901
4040220
21755292
63452402
96562224
97567947
69836563
91129683
73768199
78750462
86740616
43304410
7514359
19630665
62345283
63761894
20821759
13479950
7060161
33823062
3701272
44109141
99508389
96276382
88824838
10396584
7784120
50033095
74733279
47028114
73686041
36852778
69401736
36334874
96042785
64740979
32140601
23638712
35086092
93961984
60005321
13763685
63189844
43334722
34844716
36440003
93706027
25038283
21470198
71458002
57978813
6900459
66997388
84001689
27731594
65673142
29802175
34411212
64648152
32619803
7272139
68844344
14325312
95728476
41155319
62993471
3939433
8274527
54922225
49939473
14727082
10143007
34329781
27048741
12696522
54041168
94383211
62002543
56617119
89663193
22448294
10825141
23709912
28362867
79026483
75364753
1540637
83527743
63491815
49443951
80611384
96238510
79353547
16213270
82568021
87013942
41444316
56949865
49224707
2227189
80704344
94237207
99558504
66785306
30396991
56488191
85380746
42061924
59045580
25094600
86976802
59630980
90820690
79742792
22152960
43988692
45323186
91369875
2078690
9855845
93188035
51431044
83319149
25402937
88686953
41959643
12892722
52640206
93042151
23381492
30538044
34104
96005461
79788133
7790055
13910875
37449218
99541608
85360453
77834177
42846369
35177150
80577670
71845009
65888280
29333692
44989669
9972064
80187023
36704987
25984124
1069425
47722090
83918467
8043107
20630760
43265607
702612
44007780
42379993
43970676
50938744
35053435
95299416
52226903
5870601
46359128
76091902
98033815
25560824
76447489
40858979
91430889
36012587
40268975
75894786
214121
30466142
87124346
47753799
82014565
72181616
16041669
17206156
65958512
65777163
74956167
24710774
62501224
50069864
89743824
1752203
54759593
7350243
89961807
34468287
25312007
62307749
23751721
66351735
7387639
41324364
1833216
41754969
17967543
50490198
85797201
98683066
10066659
54150358
96934844
56753124
14363686
86021870
3184598
52602887
29096079
94799643
14509838
30421312
5220576
50935879
19111655
8481433
88704187
31692808
86833123
19633472
3987611
33410952
23247101
2428006
54336683
45458451
56215126
75237230
72109984
89323162
63129699
7804569
25340681
39790781
92142841
34315787
98753759
63627769
71296222
88787719
30638299
31028373
56567712
87528389
55418911
22077863
10594994
40450691
77759810
93561786
6129946
68972500
91517351
66191280
25899768
87307569
39724571
6037880
50849892
22918340
74600969
56735363
7317702
80942539
241475
23801813
61155823
58996954
44919470
37711198
79610095
56229040
16483918
32331710
73960186
46368302
54676761
2035456
81243210
3771722
94349537
19173674
52143108
26456070
54902823
50208862
15182673
42453178
69826930
46735561
26161475
61523995
15903385
30811564
34334043
62118213
31775332
29779343
54126915
81045357
12574927
60793646
502088
89047020
91158105
56868101
53661195
21008279
80938537
56785260
95031878
5233564
94625181
14043731
6942621
53365912
211762
29290720
90874647
89073225
55956285
86466862
67071817
34877066
52735352
82760613
56403866
24536905
94748969
90179739
30121894
11884032
61658346
69139665
91999712
65924163
30296467
37670073
70298303
65857376
66207829
66966841
30067884
72041792
81342849
73993026
72322029
70316676
84441009
44758499
5870673
29969009
88313344
64089085
84623146
18539517
67966512
41032413
60056492
83720582
86327988
66561196
24179185
38688787
81274120
75817088
25359865
94759957
24194231
15695520
4209310
15038288
51158507
65845045
17258447
87913022
62782996
43190936
31681883
45390465
34958910
13267069
62637724
34646156
38870590
48004862
25072222
42724035
72167152
90349489
49725699
85806733
87631375
30874048
39571062
73571516
62744134
28730123
78269753
11584750
98096040
88799587
52816608
60873933
30394780
58283696
61281193
91449271
42506200
89107432
65133302
57473462
25566401
23592096
78102625
68380626
61134553
89994520
62308630
57478797
22339413
39223345
97251415
18542874
36434753
92148485
68492636
34224257
71042664
50379801
22093680
19655634
73258133
19443264
83192017
54724658
41075485
22814365
70680240
50298241
22448902
78077239
12786796
43050327
25160577
95862292
62464401
31516748
26586962
60795710
18092770
19973535
91969017
82520290
67511628
95002265
78865018
36909229
33746145
80408227
71521419
35773801
86930371
84695073
73738740
68864372
81301877
77278821
54916999
82994413
30349154
32123385
90500508
2492958
94414627
25817432
357618
74228200
25956849
84559750
88246684
64866333
71233363
75137390
40964206
11533844
82280385
99723441
70817181
81725990
45413385
43111502
40197796
37022104
92137275
7149357
74752879
82774600
83116762
87592745
14784069
66466253
80065540
21035682
65855462
54686203
71337967
47109263
68927486
45580035
78722711
17524748
64018792
69749638
61282986
4036010
10956254
26674065
51576724
67654313
97384946
74249072
49384885
31897129
47203179
8969471
12250057
44769047
68325399
81607153
58935490
70029938
2075326
53145156
72496776
86640174
67891639
74210813
6523448
41416539
3806991
5138390
34290371
82061880
77594510
70043113
61506654
15832893
29457406
77506338
92436959
9591305
25919978
82975025
28748513
33506188
61184525
25772960
65167682
86997228
68669649
15754635
15359340
15330957
64871352
91468865
18652673
94307814
80212950
3523876
69494387
80843100
58415128
95499735
58489685
3596413
5410905
34208370
93074694
52723763
93748795
22972283
92385533
68304360
86575671
3313562
71488465
57946486
51368917
41305730
92637629
37958240
28207745
71093242
74171644
47574578
91812775
21094331
10681120
62532104
3970540
88534402
99708179
33128667
59450058
55166539
66031110
39094086
54312260
34093597
51538676
64407972
17572528
93263235
88154375
90577031
71131000
18685720
12086265
68401516
19119100
76745620
36838751
5984631
52991805
86960571
39269479
63198358
81682024
18546279
73147452
75784678
78282794
33905237
39542221
78247667
16949368
48118985
27075242
912037
60906839
11382122
84950863
46087670
91811313
18755121
30807819
36895327
81947990
85069312
85290219
61492962
62247202
58293635
77626240
77515095
59545831
97218057
274193
9874705
84073869
85487469
49333799
67310094
54806069
723412
48953528
56726395
63163018
94027352
63796064
42421506
12807691
78859152
27599267
86361128
95548548
2224577
33414512
54853021
12744055
15345680
76172303
51124154
20127622
54356067
80959566
84396449
80271630
16162627
6758277
19871563
63179673
43356109
92027461
66814885
50395796
77478643
66070930
38726038
58397833
32723
3060248
70655561
54684006
64010898
13363871
30117675
95781742
64893854
66582338
43057085
67194941
78963677
54746725
38161619
87496792
75403660
27353725
13280403
90549121
16807452
25209370
46171864
38278469
46598060
1639526
38523973
40007121
84999038
72476773
67936507
38872824
51553909
50588954
40200205
59059678
1540950
17885480
34175591
18814919
27849387
41909549
57839445
24659575
70838393
72526184
88542026
70649428
44475058
87294800
18084230
11084057
64287407
43465926
33880313
55043116
28800578
86830719
80331075
25496172
24585365
35272985
26438459
9708860
91512376
71745372
50582619
90357784
81643547
38339411
45898001
7832807
24105293
31629590
47409715
33437836
79715540
75949178
52360097
1630843
65429724
7896946
58138934
40737181
56123174
8385843
21722843
13812609
99303648
16564891
88521860
27309390
71819861
69938100
47522086
55732290
23061999
21284355
60926346
91766569
37303083
86155562
33308846
21444929
83167604
99895399
29043456
41999310
20599906
66670459
72018963
40150338
15622013
97011719
31277467
93593363
52452428
82025264
6416635
39858751
12419820
77980995
32386489
35590505
21253467
31857120
78985532
72754420
5535885
10293369
10156147
83653611
55486882
10746397
26404105
55706702
13265472
30007780
42628440
79311330
12476429
17914098
53446609
35612463
8868102
98350611
98908954
28793094
30994267
85609446
79490553
99108695
48073514
63378891
5720633
2500427
43055484
17873115
72790721
58222318
14408740
22223590
3313796
3857027
15023131
66062272
69947187
41776909
68054619
69004445
61101935
40438059
71752481
24733369
10198743
18334724
19179265
43374001
95410158
3359077
89198020
54833894
51545097
48375136
4392590
3074368
41757259
3821969
17050857
41321884
74541355
70847276
53510461
54534415
40053153
85796772
4696686
59223519
84555441
1153252
64436288
79773652
77635600
52040303
37126910
76070411
26973261
58723562
45265736
66894366
95592341
34607967
2855027
23619675
68105875
54549513
15463770
87321434
84977206
40596628
8408137
62622585
44792123
81255493
20921736
4406393
54250723
73604907
56281785
77998566
14586656
49872121
74681292
28071009
25138612
34848371
27826826
47034079
66047444
92621220
78992800
49576853
98827964
70524997
2576215
33983670
53057518
35323594
68710648
35426787
62535673
45552073
29809137
75776840
28151380
82545449
36184076
64249078
36772042
30373578
45360155
76955578
15804960
5136083
20486048
7525101
89010563
10386189
49381620
42880293
7564160
1305696
42345879
99561576
83473698
57162564
5422681
96634642
84657605
62625127
97222938
69747879
63590951
30139223
86021191
80197422
33879547
83625371
83794990
5922095
67597823
16185586
63805843
7788491
69486509
90837800
79982263
53619783
84728724
62727301
43773865
21082248
25714479
35729935
43675297
41078355
14980739
12351228
66347032
84506684
31008825
30596931
42683086
52082029
63889625
26273854
56010527
84911750
17850020
54427268
467784
36001125
45529809
75518897
26079476
86617944
25361306
21840504
51744642
87969880
89989227
99476185
59224808
27195569
57094408
57357851
11758911
93309337
61283448
69661274
10860617
23129147
4224266
555438
422276
92477441
60580861
60323003
66096858
42096371
4132370
69102180
33310788
27143733
77321917
23849066
2267887
11054824
35989219
76511404
12377202
64185995
14142607
32339225
18341062
53197408
56028547
40720807
65549765
72601249
67953593
99441872
33648157
85895687
8603726
87735771
49465930
33552964
92395681
95104384
22284830
67513159
41999644
82197685
94242091
29113105
1058797
9262968
81167674
81998689
8531935
92195896
83041520
52562458
61424998
19160709
93212486
50756895
24807184
50182197
5052192
99834488
38439630
99911232
13570462
17874446
62950136
27458628
8585228
71363699
90971986
8711206
51382701
18669676
49842563
62175660
91283507
11880298
83050558
73137639
92946242
77721326
68156972
69580015
58950844
42315392
44996671
96223940
62484344
15835618
10934392
63324720
43466629
54623528
90659342
50167728
15701432
86733954
80807559
83588633
29964310
35782039
51247741
61062008
52643650
88152278
39606645
37003355
47859957
38243079
96892933
85652821
71879308
44827901
45402035
70633979
99970219
28996412
14561366
28609842
15663111
16405108
44633606
54985135
76707603
54053199
99259220
82110732
12683720
24605891
50445718
93946682
92298836
3214120
77166917
14619413
75529050
76710176
19501888
32416713
46118377
94747500
2810924
42804786
7136890
90854419
4075863
63045974
59861046
23052649
54782510
11163840
91696356
34586979
87910400
1053889
36722875
59244199
14776067
91489291
17618402
53991071
79310633
34017664
8744084
95306959
68186476
28087435
3795353
61134114
21759538
40963742
92177418
35467521
43790606
45258998
11299511
27504625
47820119
43992660
3196834
93555236
83483112
60576541
33619803
74185697
79775869
40483653
7877876
26120975
7959628
11163366
59846376
85881135
99934287
31248618
45368723
40946392
86979954
79916427
30553637
80392152
52141375
5557845
56554320
33121910
30908369
26555200
75022690
59131320
90090313
80870358
50330546
17941421
77607534
3726814
27001851
50309317
36152513
73061274
79150935
17306827
81870828
75458640
56402749
90188594
15511665
30492608
84389591
61388809
30999300
47526738
88645532
64511497
95683063
3811013
35313003
1029978
85572835
24454277
31635218
741079
53724408
57614592
41882019
8867682
64712540
63244521
89701413
526303
82132074
49846450
65102172
38674799
12726687
53780386
67608677
70530169
59105136
17167035
13315922
40429613
26575957
9940812
84599001
37649119
69537480
52744826
37072519
57627214
41063054
6168303
50039788
74544170
70060948
33833812
779082
88558188
19267347
81522943
58365357
15101889
78671417
95896925
17996270
76719089
56802623
35090658
615824
20652583
29778636
54527836
34924486
44998999
70530115
93885015
70553042
7701259
11862913
92605901
9528746
15755193
28536912
92433826
56400682
37066679
40979258
98684524
43504794
86970876
2275519
3759631
74133609
98196621
67934076
7102539
79759088
28096712
32143002
19024713
61791313
61774611
33852535
73976627
36680342
95069448
83299963
93222969
56533401
62437790
85087745
60199340
1911851
56686123
17433970
50466089
27715174
13222895
41286367
24290619
83911810
42056786
84204864
36792476
64003882
59630370
65189700
73083931
11593383
62442977
35273459
48560340
15976034
17122047
32702180
78184308
88001863
67472620
84003533
99512054
7298272
87983422
32029103
55916228
96925909
72385596
78616332
21856336
82181053
52071764
44165797
76570684
67970701
49915450
59766939
90480698
90322637
83112456
47322890
97343536
2557511
1897320
44198211
20335786
87642496
67144680
95470695
30842193
48021764
75429392
40974182
55328681
40651427
17046165
14013431
73053428
34556464
90103213
35474516
46275379
79519041
15368659
5049743
10937289
96080155
88856692
5405873
19793129
60720871
25603574
56508676
42919839
8693318
72450576
18199900
94870104
48305023
19697399
87056647
45628579
69666547
11432197
60039115
84985345
58120633
25305714
2455930
74358463
57607396
78119033
43967233
37787635
59838575
96802643
30604999
16628751
80572132
34633061
4847505
65428452
28955574
90098975
59608714
53964815
86289627
22955382
47407289
30157524
38210680
26835546
27448153
52885004
36793491
52660683
41862138
90847648
16145243
12406356
25346509
83340263
68623451
5401337
69265847
23785926
29378680
57580184
46579926
1151926
18751388
14230818
37996603
18664867
62911334
65548611
42728776
39437795
20616111
33978937
45323750
23726873
2195766
89645470
77279128
72668013
71932589
58134885
43033188
59973511
66517737
31440371
21371670
51216321
81828306
41965125
50903080
31465142
46491099
20811172
78256010
2094208
86951378
59753848
91567529
70147016
91824350
9088548
76677719
55515312
4228501
8252299
41512067
35282303
4566224
888434
44560479
13287480
61458100
95268049
83058052
65098866
102870
34674745
57497416
40006432
97217805
26401110
91200513
84715500
59820068
18449362
26620817
63959069
73141787
63059327
5302564
53957054
84477505
32424451
23078941
33630350
54152492
38833871
33917052
58610326
53559571
13469984
25686494
80233695
33242052
4450500
5110986
71809763
43673659
43483858
53442248
22632781
43082626
98000640
2887899
26159326
40220780
22321169
54013087
21478885
85220853
80515134
4650246
34682852
48495119
66594077
30857855
86007126
32613522
15609476
43768242
7300927
39095971
75970596
79864571
76014987
3701033
76685482
3996526
76206447
26487589
88431333
21234111
42587469
57484803
32610616
9798204
48096802
7458217
25654891
75881148
32390695
10713842
41154698
85827742
68616680
25909336
78839653
7482962
50016249
73973931
53842333
54318973
95086646
11583737
48356645
7887503
88948520
12011262
18419306
10211438
85053824
41627276
41585636
7859729
314325
35392166
65072462
17444995
70786282
1189280
33015362
72858822
69755371
12478457
49875224
28082147
8319380
16718424
29637474
59376826
38346734
30217280
41558201
25666241
88543686
21510418
36011420
97557952
22286331
9961612
27808745
75830610
42209528
76903646
52083994
89886210
32783417
73960157
85087171
4879713
1533620
50929007
15151118
67892104
56687352
33824005
55396996
94339991
11016153
69255759
47976580
57708559
68413629
77121101
35118941
30244695
49904459
8167781
14706225
60224245
67042306
17197670
32219670
36923963
85383202
31455343
45733643
93431272
38840840
34762853
41073152
17751253
67044108
20515915
12460103
27638895
70857186
7612872
37715764
88405571
84269500
23466755
66069121
51943577
31926168
65179337
5339623
97792328
93059723
40008296
11098012
89454904
92336110
61059946
55877432
24086395
11998201
9399759
98853878
9190121
20203200
95056946
63400416
37099909
68171157
46356388
90020725
59623437
31306644
65946406
2894199
69238904
59830047
72952882
627959
22478802
45813589
51067271
165048
88442112
96935327
19082481
86713772
3699877
53781713
24951356
21508817
2600057
87570299
23581617
22108074
19798931
76743597
29496896
87096262
16733945
81498134
51122167
33053329
34230352
9559423
21991858
65195938
15600738
65838578
80323618
5379807
599548
22239944
37047150
77166519
95604123
58723631
69740792
27398349
59720439
77740334
67646758
85379987
81707720
29599793
64091252
89863325
98450121
42562501
55415982
64676487
34661115
85260996
62006621
74451012
61451138
97773896
41692860
22799673
48599130
40532747
96919793
31591671
70783089
95985647
6498553
34481331
93015237
7551094
82585681
25424791
58330812
78136420
13695021
36622868
98671244
17254504
72209013
69247091
37787036
60318456
91191917
941804
29512692
54317573
27606547
1047180
9227567
99258961
74369124
35300415
97324383
34037679
31142810
86690251
80071655
72931276
40822558
42515175
81088717
70166512
5575410
92929467
67985467
411270
99447216
31469233
47316995
28303229
37158789
41370806
49291419
10855874
21487150
71042974
5333085
64006815
77900776
10189198
81068388
25543437
91787475
80285533
54658585
93583417
16774435
25380657
19487726
54865174
24727965
7013726
76317644
49544954
37818801
57094187
69144752
87644090
3267509
95180075
33649550
86838744
35644795
69219876
30258325
99626965
15582544
17993368
52240693
12960246
31427045
90485174
69750208
77944296
67753202
96792989
89761039
10400091
99786083
74510577
73343879
5143593
23614460
27575441
23275800
48212282
3014451
34467503
32615276
70451667
65305056
21402505
18625119
48467960
6192592
29905586
15491370
65063004
34871343
95316758
94175395
93986703
64139783
35339085
62017649
8551740
44400161
84419676
68605124
90476048
1230706
28675183
79468522
6193822
64140206
61161565
4376564
1704616
30859271
86094151
67084897
68052950
24529938
31589034
35660135
23981339
18119578
87509771
92229322
63629386
24899731
57406289
31293816
41906086
55150740
13394573
36209985
67418106
69338298
679951
78433853
72297488
25339378
32677464
68477091
57574286
57963246
9549884
58605326
94788569
4469653
90317825
95460526
98484101
10065326
71910916
55300090
62526009
28897369
83181057
84428109
57656481
38052543
9957996
96883216
189333
16668570
52099053
36220650
97064691
30147367
83452970
32719900
59592377
47083075
32187931
85351740
21536194
64091644
69726109
76583600
11103075
62987891
78651285
31027053
48033952
92392221
19638991
92858759
51352773
65579382
85418203
32731152
43994827
88063491
69875964
84443552
82220685
59213535
35471621
2688892
85157817
30735135
65569765
63229227
65538443
82180550
2391149
89972009
28456742
89447350
19078927
26777730
53808085
90615121
16211748
35285152
64829861
75070438
29854383
41306295
17024584
71439197
53665365
95396480
69598057
50490781
22353364
27771874
13978007
56070182
30134745
41600529
76832175
29964321
5308081
80283696
73333104
50591525
25914372
67295981
14404457
72071719
92643848
50169723
42022202
55954763
45556495
41178971
28928295
22277539
62743075
28162641
65751697
34848657
93043066
26252053
92518013
75549620
31506918
82100537
69111543
30029127
43469459
21922976
811899
28560978
66834961
67868045
95271417
81645759
97602951
85135474
11907561
22774077
64723701
34415470
37477511
8918953
75913761
96660626
45909868
21273442
25135451
73564990
45242798
35893760
45108253
21831733
37411144
70145622
38144239
27859821
70918471
84390208
34091250
55179117
7543640
76647253
26588065
99717324
97894883
44706193
4845020
21588968
86862145
81465771
69747979
56266856
94804181
42968035
90811959
33965115
42337514
71662776
13246866
77620625
81726691
15903325
11725893
80407660
34589735
37004729
82749404
99447667
2154575
66541907
16101762
32477152
33748766
66155781
17942473
70289583
79555050
39220631
21131286
46302640
80515807
12344051
46357346
82698843
87102361
38909667
16534388
68908871
83874459
87384273
57361700
62277544
82155329
91788650
97077712
13004387
21955584
73586217
46969973
16458364
56373758
34071299
73488477
9397149
9756877
77011963
46198337
3742937
73543419
61088398
12990604
22927322
79546171
50572074
18923021
44270450
8576609
8980350
56501024
49033554
33029256
8597917
58217064
4831274
20066500
28408425
37000101
12273325
47118034
85327695
18606141
50818063
55146128
42473338
